Date,Open,High,Low,Close,Adj Close,Volume
2013-01-02,31.549999237060547,32.40999984741211,31.489999771118164,32.310001373291016,25.61580467224121,13357500
2013-01-03,32.150001525878906,32.279998779296875,31.780000686645508,31.889999389648438,25.282817840576172,8832500
2013-01-04,32.0,32.18000030517578,31.75,31.81999969482422,25.22731590270996,7606600
2013-01-07,31.770000457763672,32.189998626708984,31.770000457763672,31.920000076293945,25.306608200073242,7392900
2013-01-08,31.75,32.0,31.389999389648438,31.549999237060547,25.013259887695312,6904200
2013-01-09,31.579999923706055,32.0099983215332,31.56999969482422,32.0,25.370027542114258,6754000
2013-01-10,32.11000061035156,32.56999969482422,32.08000183105469,32.43000030517578,25.710941314697266,8018700
2013-01-11,32.40999984741211,32.63999938964844,32.33000183105469,32.41999816894531,25.7030086517334,5376500
2013-01-14,32.25,32.63999938964844,32.25,32.34000015258789,25.63958740234375,5516500
2013-01-15,32.13999938964844,32.380001068115234,31.969999313354492,32.279998779296875,25.59201431274414,4922300
2013-01-16,32.18000030517578,32.560001373291016,32.08000183105469,32.5099983215332,25.774362564086914,5415300
2013-01-17,32.5099983215332,33.25,32.45000076293945,33.150001525878906,26.281770706176758,9193900
2013-01-18,33.029998779296875,33.540000915527344,33.02000045776367,33.52000045776367,26.575103759765625,13294700
2013-01-22,33.349998474121094,33.470001220703125,33.130001068115234,33.459999084472656,26.527536392211914,13045800
2013-01-23,33.25,33.29999923706055,32.79999923706055,33.08000183105469,26.22627067565918,9516500
2013-01-24,33.150001525878906,33.61000061035156,33.0099983215332,33.09000015258789,26.234195709228516,7827500
2013-01-25,33.150001525878906,33.290000915527344,32.709999084472656,32.79999923706055,26.0042781829834,8436000
2013-01-28,32.84000015258789,33.310001373291016,32.810001373291016,33.040000915527344,26.19455337524414,7773000
2013-01-29,32.61000061035156,32.83000183105469,32.38999938964844,32.66999816894531,26.06689453125,6183000
2013-01-30,32.630001068115234,32.970001220703125,32.59000015258789,32.81999969482422,26.18657684326172,8352700
2013-01-31,32.81999969482422,33.11000061035156,32.65999984741211,33.08000183105469,26.39402961730957,13790600
2013-02-01,33.18000030517578,33.75,33.08000183105469,33.720001220703125,26.904674530029297,13854400
2013-02-04,33.5,33.689998626708984,33.25,33.27000045776367,26.54562759399414,16353400
2013-02-05,33.43000030517578,33.86000061035156,33.209999084472656,33.75,26.928607940673828,8434100
2013-02-06,33.599998474121094,33.689998626708984,33.38999938964844,33.560001373291016,26.77701187133789,9102400
2013-02-07,33.47999954223633,33.54999923706055,32.91999816894531,33.41999816894531,26.665311813354492,10626900
2013-02-08,33.61000061035156,34.290000915527344,33.560001373291016,34.279998779296875,27.351491928100586,13022900
2013-02-11,34.18000030517578,34.189998626708984,33.65999984741211,33.689998626708984,26.880735397338867,8275000
2013-02-12,33.59000015258789,33.70000076293945,33.40999984741211,33.560001373291016,26.77701187133789,7055500
2013-02-13,33.619998931884766,33.880001068115234,33.540000915527344,33.720001220703125,26.904674530029297,5424700
2013-02-14,33.4900016784668,33.84000015258789,33.29999923706055,33.790000915527344,26.96052360534668,6394200
2013-02-15,33.83000183105469,33.86000061035156,33.400001525878906,33.59000015258789,26.80094337463379,6519100
2013-02-19,33.720001220703125,34.060001373291016,33.43000030517578,33.939998626708984,27.08020782470703,6098000
2013-02-20,33.97999954223633,33.9900016784668,33.04999923706055,33.060001373291016,26.378074645996094,8968900
2013-02-21,32.9900016784668,33.0,32.189998626708984,32.47999954223633,25.91529655456543,11422300
2013-02-22,33.150001525878906,34.25,33.150001525878906,34.18000030517578,27.271703720092773,20543100
2013-02-25,34.20000076293945,34.45000076293945,33.709999084472656,33.72999954223633,26.91265296936035,13942700
2013-02-26,33.709999084472656,33.97999954223633,33.619998931884766,33.7599983215332,26.936588287353516,9811800
2013-02-27,33.79999923706055,34.47999954223633,33.709999084472656,34.290000915527344,27.35947036743164,7104600
2013-02-28,34.369998931884766,34.65999984741211,34.2400016784668,34.43000030517578,27.471176147460938,13413000
2013-03-01,34.130001068115234,34.56999969482422,33.83000183105469,34.52000045776367,27.542980194091797,9336900
2013-03-04,34.439998626708984,34.56999969482422,34.11000061035156,34.560001373291016,27.574899673461914,7424800
2013-03-05,34.68000030517578,35.0099983215332,34.59000015258789,35.0,27.925966262817383,12979700
2013-03-06,35.029998779296875,35.2599983215332,34.95000076293945,35.13999938964844,28.037675857543945,8706000
2013-03-07,35.189998626708984,35.25,35.060001373291016,35.20000076293945,28.085542678833008,8423000
2013-03-08,35.29999923706055,35.31999969482422,34.81999969482422,35.290000915527344,28.157344818115234,11510500
2013-03-11,35.27000045776367,35.59000015258789,35.11000061035156,35.52000045776367,28.340866088867188,8907500
2013-03-12,35.5,35.720001220703125,35.310001373291016,35.619998931884766,28.4206485748291,10862800
2013-03-13,35.20000076293945,35.380001068115234,35.04999923706055,35.290000915527344,28.157344818115234,9363100
2013-03-14,35.5,35.72999954223633,35.31999969482422,35.380001068115234,28.229156494140625,8676000
2013-03-15,35.20000076293945,35.400001525878906,34.849998474121094,35.08000183105469,27.989795684814453,14809100
2013-03-18,34.209999084472656,34.97999954223633,34.209999084472656,34.619998931884766,27.622772216796875,9094600
2013-03-19,34.689998626708984,34.90999984741211,34.290000915527344,34.65999984741211,27.65468978881836,11004700
2013-03-20,34.91999816894531,35.150001525878906,34.810001373291016,35.060001373291016,27.97384262084961,7556000
2013-03-21,34.779998779296875,34.93000030517578,34.2400016784668,34.290000915527344,27.35947036743164,9540200
2013-03-22,34.4900016784668,34.720001220703125,34.33000183105469,34.459999084472656,27.49510955810547,7647400
2013-03-25,34.560001373291016,34.880001068115234,34.310001373291016,34.47999954223633,27.51106071472168,7552800
2013-03-26,34.7400016784668,35.11000061035156,34.619998931884766,35.099998474121094,28.005756378173828,7249200
2013-03-27,34.81999969482422,35.119998931884766,34.560001373291016,35.08000183105469,27.989795684814453,8214600
2013-03-28,35.0099983215332,35.5,34.9900016784668,35.47999954223633,28.30895233154297,8651800
2013-04-01,35.2599983215332,35.560001373291016,34.86000061035156,35.0099983215332,27.93393898010254,11066900
2013-04-02,34.790000915527344,35.02000045776367,34.56999969482422,34.77000045776367,27.742446899414062,8763300
2013-04-03,34.7400016784668,34.88999938964844,34.0,34.150001525878906,27.247760772705078,13625700
2013-04-04,34.2599983215332,34.630001068115234,34.08000183105469,34.4900016784668,27.519044876098633,9406500
2013-04-05,34.11000061035156,34.22999954223633,33.810001373291016,34.20000076293945,27.287662506103516,11092000
2013-04-08,34.290000915527344,35.08000183105469,34.2599983215332,35.06999969482422,27.9818172454834,8662800
2013-04-09,35.11000061035156,35.400001525878906,34.79999923706055,35.15999984741211,28.05362892150879,7745400
2013-04-10,35.349998474121094,35.77000045776367,35.22999954223633,35.7599983215332,28.532358169555664,8048200
2013-04-11,35.45000076293945,35.91999816894531,35.369998931884766,35.689998626708984,28.476505279541016,10085600
2013-04-12,35.66999816894531,35.880001068115234,35.22999954223633,35.849998474121094,28.604167938232422,6753100
2013-04-15,35.58000183105469,35.880001068115234,35.27000045776367,35.27000045776367,28.14139747619629,9517000
2013-04-16,35.43000030517578,35.86000061035156,35.15999984741211,35.7400016784668,28.516401290893555,9367200
2013-04-17,35.0,35.029998779296875,34.0099983215332,34.209999084472656,27.29563331604004,17043900
2013-04-18,34.650001525878906,34.810001373291016,33.880001068115234,33.91999816894531,27.064254760742188,12616900
2013-04-19,33.83000183105469,34.400001525878906,33.560001373291016,34.25,27.327550888061523,10701100
2013-04-22,34.310001373291016,35.599998474121094,34.060001373291016,34.810001373291016,27.77436065673828,10722800
2013-04-23,35.31999969482422,36.22999954223633,35.15999984741211,35.70000076293945,28.48448944091797,15246700
2013-04-24,35.529998779296875,36.13999938964844,35.33000183105469,36.0099983215332,28.73181915283203,12074200
2013-04-25,36.15999984741211,36.2599983215332,35.93000030517578,36.11000061035156,28.811616897583008,11218600
2013-04-26,35.58000183105469,35.88999938964844,35.5,35.7400016784668,28.739248275756836,6990800
2013-04-29,35.97999954223633,36.099998474121094,35.68000030517578,35.970001220703125,28.924196243286133,5335500
2013-04-30,35.95000076293945,36.2400016784668,35.7599983215332,36.209999084472656,29.117183685302734,7430700
2013-05-01,36.25,36.79999923706055,35.86000061035156,36.40999984741211,29.27800750732422,15212000
2013-05-02,36.58000183105469,36.900001525878906,36.29999923706055,36.70000076293945,29.511201858520508,9582100
2013-05-03,36.939998626708984,37.20000076293945,36.869998931884766,37.0099983215332,29.760482788085938,11805400
2013-05-06,37.189998626708984,37.25,36.810001373291016,37.040000915527344,29.784605026245117,6140200
2013-05-07,37.11000061035156,37.150001525878906,36.86000061035156,37.040000915527344,29.784605026245117,5820100
2013-05-08,36.91999816894531,37.22999954223633,36.90999984741211,37.09000015258789,29.82480812072754,6355900
2013-05-09,37.0,37.36000061035156,36.939998626708984,37.0099983215332,29.760482788085938,7754600
2013-05-10,37.22999954223633,37.22999954223633,36.86000061035156,37.040000915527344,29.784605026245117,8742300
2013-05-13,36.91999816894531,37.029998779296875,36.540000915527344,36.540000915527344,29.382549285888672,9398700
2013-05-14,36.529998779296875,36.79999923706055,36.47999954223633,36.5099983215332,29.358417510986328,7124900
2013-05-15,36.56999969482422,36.880001068115234,36.459999084472656,36.810001373291016,29.599653244018555,11922000
2013-05-16,36.790000915527344,36.97999954223633,36.58000183105469,36.599998474121094,29.430788040161133,10209300
2013-05-17,36.68000030517578,36.83000183105469,36.56999969482422,36.77000045776367,29.567485809326172,10018700
2013-05-20,36.75,36.84000015258789,36.58000183105469,36.630001068115234,29.454919815063477,8727600
2013-05-21,36.70000076293945,36.79999923706055,36.5099983215332,36.599998474121094,29.430788040161133,6651600
2013-05-22,36.47999954223633,36.7400016784668,35.810001373291016,36.0099983215332,28.95635414123535,10122900
2013-05-23,35.72999954223633,36.15999984741211,35.529998779296875,35.9900016784668,28.94028663635254,7566200
2013-05-24,35.7400016784668,36.0099983215332,35.529998779296875,35.9900016784668,28.94028663635254,4786900
2013-05-28,36.650001525878906,36.720001220703125,36.130001068115234,36.20000076293945,29.10915184020996,5578500
2013-05-29,36.040000915527344,36.290000915527344,35.869998931884766,36.09000015258789,29.02068328857422,7809600
2013-05-30,35.91999816894531,36.630001068115234,35.91999816894531,36.470001220703125,29.326261520385742,15275100
2013-05-31,36.08000183105469,36.40999984741211,35.880001068115234,35.90999984741211,28.875951766967773,8188900
2013-06-03,35.939998626708984,36.189998626708984,35.72999954223633,36.029998779296875,28.97245216369629,8403800
2013-06-04,36.41999816894531,36.9900016784668,36.41999816894531,36.63999938964844,29.46295928955078,9021500
2013-06-05,36.61000061035156,36.61000061035156,35.810001373291016,35.869998931884766,28.843786239624023,6851900
2013-06-06,35.83000183105469,36.06999969482422,35.209999084472656,35.66999816894531,28.68295669555664,6104900
2013-06-07,35.97999954223633,36.25,35.65999984741211,36.18000030517578,29.093061447143555,5828200
2013-06-10,36.25,36.7599983215332,36.119998931884766,36.619998931884766,29.446863174438477,7941300
2013-06-11,36.0,36.02000045776367,35.16999816894531,35.2599983215332,28.353271484375,9795200
2013-06-12,35.5,35.529998779296875,34.650001525878906,34.790000915527344,27.9753360748291,8378600
2013-06-13,34.849998474121094,35.58000183105469,34.58000183105469,35.47999954223633,28.530174255371094,7036400
2013-06-14,35.36000061035156,35.77000045776367,35.2400016784668,35.47999954223633,28.530174255371094,6267600
2013-06-17,35.79999923706055,36.2400016784668,35.599998474121094,35.779998779296875,28.77140998840332,6750900
2013-06-18,35.88999938964844,36.34000015258789,35.68000030517578,36.119998931884766,29.044809341430664,5691600
2013-06-19,36.22999954223633,36.290000915527344,35.61000061035156,35.709999084472656,28.715124130249023,5850300
2013-06-20,35.40999984741211,35.5,34.52000045776367,34.630001068115234,27.846677780151367,8734600
2013-06-21,34.790000915527344,35.060001373291016,34.400001525878906,34.95000076293945,28.10399055480957,14860300
2013-06-24,34.81999969482422,34.959999084472656,34.099998474121094,34.189998626708984,27.49286460876465,9087400
2013-06-25,34.630001068115234,35.15999984741211,34.470001220703125,35.02000045776367,28.1602840423584,7825800
2013-06-26,35.279998779296875,35.40999984741211,34.90999984741211,34.959999084472656,28.112031936645508,6596900
2013-06-27,35.060001373291016,35.189998626708984,34.849998474121094,34.849998474121094,28.02358627319336,6720200
2013-06-28,34.59000015258789,35.08000183105469,34.5099983215332,34.849998474121094,28.02358627319336,11343300
2013-07-01,34.95000076293945,35.380001068115234,34.939998626708984,35.040000915527344,28.176372528076172,5246700
2013-07-02,34.88999938964844,35.65999984741211,34.83000183105469,35.130001068115234,28.24873161315918,7795600
2013-07-03,34.849998474121094,35.779998779296875,34.810001373291016,35.470001220703125,28.52213478088379,4074200
2013-07-05,35.7599983215332,36.02000045776367,35.52000045776367,36.0,28.94831657409668,5764600
2013-07-08,36.130001068115234,36.15999984741211,35.40999984741211,35.689998626708984,28.699039459228516,8024200
2013-07-09,36.0,36.40999984741211,35.959999084472656,36.2400016784668,29.141311645507812,6284900
2013-07-10,36.060001373291016,36.66999816894531,36.060001373291016,36.59000015258789,29.422744750976562,7016500
2013-07-11,36.86000061035156,37.310001373291016,36.84000015258789,37.16999816894531,29.889141082763672,10298900
2013-07-12,37.20000076293945,37.4900016784668,37.0099983215332,37.4900016784668,30.146455764770508,6618900
2013-07-15,37.4900016784668,37.83000183105469,37.40999984741211,37.790000915527344,30.387693405151367,6279500
2013-07-16,37.88999938964844,37.95000076293945,37.619998931884766,37.81999969482422,30.41180992126465,5192600
2013-07-17,37.93000030517578,38.15999984741211,37.79999923706055,37.900001525878906,30.47614097595215,5810900
2013-07-18,37.88999938964844,38.099998474121094,37.560001373291016,37.599998474121094,30.234909057617188,6911300
2013-07-19,37.529998779296875,37.599998474121094,37.130001068115234,37.2599983215332,29.96150779724121,8238400
2013-07-22,37.54999923706055,37.599998474121094,37.220001220703125,37.41999816894531,30.09015464782715,7906500
2013-07-23,38.650001525878906,39.7400016784668,38.58000183105469,38.93000030517578,31.30438995361328,21958000
2013-07-24,38.970001220703125,39.209999084472656,38.65999984741211,38.93000030517578,31.30438995361328,10252200
2013-07-25,38.90999984741211,39.27000045776367,38.72999954223633,39.25,31.561704635620117,9191700
2013-07-26,38.7599983215332,39.119998931884766,38.75,39.11000061035156,31.449127197265625,6965000
2013-07-29,38.619998931884766,38.9900016784668,38.540000915527344,38.59000015258789,31.254751205444336,4970300
2013-07-30,38.72999954223633,39.04999923706055,38.619998931884766,38.7599983215332,31.39244270324707,6160000
2013-07-31,38.97999954223633,39.349998474121094,38.779998779296875,39.18000030517578,31.73261070251465,8871300
2013-08-01,39.36000061035156,39.900001525878906,39.25,39.81999969482422,32.25094985961914,8625100
2013-08-02,39.630001068115234,39.9900016784668,39.40999984741211,39.939998626708984,32.348148345947266,9305700
2013-08-05,39.720001220703125,39.900001525878906,39.65999984741211,39.86000061035156,32.28334426879883,4514300
2013-08-06,39.810001373291016,39.9900016784668,39.529998779296875,39.72999954223633,32.178062438964844,5140100
2013-08-07,39.54999923706055,39.88999938964844,39.4900016784668,39.650001525878906,32.11327362060547,4513300
2013-08-08,39.849998474121094,39.959999084472656,39.41999816894531,39.650001525878906,32.11327362060547,3897300
2013-08-09,39.54999923706055,39.939998626708984,39.5099983215332,39.779998779296875,32.218563079833984,5768600
2013-08-12,39.47999954223633,39.91999816894531,39.47999954223633,39.709999084472656,32.16184997558594,3506600
2013-08-13,39.70000076293945,39.91999816894531,39.45000076293945,39.7599983215332,32.20235061645508,4100300
2013-08-14,39.779998779296875,39.790000915527344,39.040000915527344,39.16999816894531,31.724510192871094,11735300
2013-08-15,38.66999816894531,38.900001525878906,38.36000061035156,38.650001525878906,31.303354263305664,8551200
2013-08-16,38.630001068115234,39.04999923706055,38.439998626708984,38.7400016784668,31.376243591308594,5714600
2013-08-19,38.939998626708984,39.029998779296875,38.40999984741211,38.439998626708984,31.13325309753418,5365800
2013-08-20,38.58000183105469,38.86000061035156,38.45000076293945,38.75,31.38433837890625,5428900
2013-08-21,38.29999923706055,38.7599983215332,38.0,38.45000076293945,31.141368865966797,9314200
2013-08-22,38.619998931884766,38.95000076293945,38.349998474121094,38.81999969482422,31.44103240966797,4258600
2013-08-23,38.93000030517578,39.13999938964844,38.709999084472656,39.06999969482422,31.64350700378418,5162800
2013-08-26,39.15999984741211,39.560001373291016,39.040000915527344,39.189998626708984,31.740707397460938,6757700
2013-08-27,38.810001373291016,38.810001373291016,38.119998931884766,38.25,30.979381561279297,9172200
2013-08-28,38.369998931884766,38.689998626708984,38.13999938964844,38.43000030517578,31.12515640258789,5115000
2013-08-29,38.380001068115234,38.81999969482422,38.2599983215332,38.61000061035156,31.27094268798828,3192400
2013-08-30,38.63999938964844,38.650001525878906,38.060001373291016,38.20000076293945,30.938884735107422,4377300
2013-09-03,38.619998931884766,39.09000015258789,38.47999954223633,38.63999938964844,31.29525375366211,4466800
2013-09-04,38.77000045776367,39.470001220703125,38.52000045776367,39.369998931884766,31.886489868164062,6224400
2013-09-05,39.36000061035156,39.58000183105469,39.290000915527344,39.47999954223633,31.975576400756836,4374400
2013-09-06,39.599998474121094,39.599998474121094,38.97999954223633,39.18000030517578,31.73261070251465,4770400
2013-09-09,39.38999938964844,39.84000015258789,39.25,39.75,32.19425964355469,3656700
2013-09-10,39.959999084472656,40.36000061035156,39.880001068115234,40.310001373291016,32.64781951904297,6427400
2013-09-11,40.04999923706055,40.38999938964844,39.959999084472656,40.029998779296875,32.42103576660156,6720000
2013-09-12,39.93000030517578,40.11000061035156,39.65999984741211,39.90999984741211,32.32383728027344,5855600
2013-09-13,40.060001373291016,40.29999923706055,39.7400016784668,40.279998779296875,32.6235237121582,4272300
2013-09-16,40.5,40.58000183105469,40.279998779296875,40.45000076293945,32.76120376586914,5393100
2013-09-17,40.65999984741211,40.84000015258789,40.38999938964844,40.72999954223633,32.987979888916016,4061200
2013-09-18,40.70000076293945,40.900001525878906,40.54999923706055,40.849998474121094,33.085174560546875,7654400
2013-09-19,40.90999984741211,40.939998626708984,40.66999816894531,40.79999923706055,33.04467010498047,5066800
2013-09-20,40.88999938964844,40.90999984741211,40.5099983215332,40.52000045776367,32.817893981933594,7179000
2013-09-23,40.5,40.619998931884766,40.25,40.470001220703125,32.77739334106445,5780200
2013-09-24,40.45000076293945,40.560001373291016,40.22999954223633,40.310001373291016,32.64781951904297,4440700
2013-09-25,40.43000030517578,40.52000045776367,40.209999084472656,40.31999969482422,32.655906677246094,4421200
2013-09-26,40.52000045776367,40.540000915527344,40.150001525878906,40.380001068115234,32.70451354980469,3275500
2013-09-27,40.25,40.33000183105469,40.0,40.15999984741211,32.52631759643555,3799300
2013-09-30,39.880001068115234,40.40999984741211,39.68000030517578,40.290000915527344,32.631614685058594,5521700
2013-10-01,40.34000015258789,40.54999923706055,40.22999954223633,40.400001525878906,32.7207145690918,3942000
2013-10-02,40.11000061035156,40.470001220703125,40.08000183105469,40.2599983215332,32.60731887817383,4255100
2013-10-03,40.060001373291016,40.36000061035156,39.810001373291016,40.220001220703125,32.574913024902344,5899200
2013-10-04,40.25,40.25,39.83000183105469,39.93000030517578,32.34003829956055,6539300
2013-10-07,39.61000061035156,40.220001220703125,39.52000045776367,39.86000061035156,32.28334426879883,5850700
2013-10-08,39.900001525878906,39.900001525878906,39.20000076293945,39.2400016784668,31.781198501586914,6427000
2013-10-09,39.31999969482422,39.4900016784668,38.91999816894531,39.290000915527344,31.821693420410156,6859200
2013-10-10,39.56999969482422,40.2400016784668,39.560001373291016,40.119998931884766,32.49392318725586,6383900
2013-10-11,39.81999969482422,40.43000030517578,39.81999969482422,40.380001068115234,32.70451354980469,4500100
2013-10-14,40.22999954223633,40.63999938964844,40.13999938964844,40.54999923706055,32.842185974121094,6080400
2013-10-15,40.5099983215332,40.599998474121094,40.209999084472656,40.25,32.59921646118164,6437400
2013-10-16,39.9900016784668,40.77000045776367,39.7400016784668,40.75,33.004173278808594,8301700
2013-10-17,40.279998779296875,40.720001220703125,40.09000015258789,40.650001525878906,32.923179626464844,4972800
2013-10-18,40.689998626708984,40.7599983215332,40.34000015258789,40.709999084472656,32.97177505493164,5724400
2013-10-21,40.54999923706055,41.220001220703125,40.540000915527344,40.9900016784668,33.19855880737305,9658800
2013-10-22,40.18000030517578,40.459999084472656,39.779998779296875,40.279998779296875,32.6235237121582,13064800
2013-10-23,40.0,40.11000061035156,39.189998626708984,39.72999954223633,32.178062438964844,12047600
2013-10-24,39.650001525878906,40.279998779296875,39.650001525878906,39.880001068115234,32.29954147338867,6663600
2013-10-25,39.95000076293945,40.27000045776367,39.790000915527344,40.22999954223633,32.58301544189453,7152100
2013-10-28,40.130001068115234,41.06999969482422,40.09000015258789,41.0099983215332,33.214752197265625,11604000
2013-10-29,41.40999984741211,41.77000045776367,40.91999816894531,41.7599983215332,34.07142639160156,11073600
2013-10-30,41.65999984741211,42.33000183105469,41.560001373291016,41.720001220703125,34.0388069152832,11278100
2013-10-31,41.70000076293945,42.34000015258789,41.650001525878906,42.09000015258789,34.3406867980957,9643500
2013-11-01,42.36000061035156,42.369998931884766,41.81999969482422,42.029998779296875,34.29172134399414,6033800
2013-11-04,42.18000030517578,42.2400016784668,41.88999938964844,41.9900016784668,34.259090423583984,3681600
2013-11-05,41.75,42.040000915527344,41.5,41.900001525878906,34.18566131591797,5350400
2013-11-06,42.11000061035156,42.2599983215332,41.900001525878906,42.13999938964844,34.3814697265625,4637300
2013-11-07,42.2599983215332,42.29999923706055,41.5099983215332,41.650001525878906,33.9816780090332,6335400
2013-11-08,41.84000015258789,42.040000915527344,41.560001373291016,41.97999954223633,34.25093078613281,5590100
2013-11-11,41.939998626708984,42.0,41.63999938964844,41.790000915527344,34.09590148925781,4291000
2013-11-12,41.61000061035156,41.9900016784668,41.61000061035156,41.849998474121094,34.144859313964844,4176800
2013-11-13,41.650001525878906,42.40999984741211,41.5099983215332,42.38999938964844,34.58544921875,7129600
2013-11-14,42.22999954223633,42.75,42.209999084472656,42.630001068115234,34.78125,6114500
2013-11-15,42.599998474121094,42.7400016784668,42.290000915527344,42.54999923706055,34.715980529785156,4231800
2013-11-18,42.619998931884766,42.70000076293945,42.33000183105469,42.439998626708984,34.62624740600586,4000400
2013-11-19,42.47999954223633,42.70000076293945,42.09000015258789,42.150001525878906,34.38962173461914,3605000
2013-11-20,42.400001525878906,42.400001525878906,41.810001373291016,41.93000030517578,34.21014404296875,4858800
2013-11-21,42.08000183105469,42.4900016784668,42.0099983215332,42.439998626708984,34.62624740600586,3826700
2013-11-22,42.43000030517578,42.66999816894531,42.150001525878906,42.63999938964844,34.78942108154297,5002300
2013-11-25,42.65999984741211,42.7400016784668,42.41999816894531,42.54999923706055,34.715980529785156,6201200
2013-11-26,42.59000015258789,42.849998474121094,42.560001373291016,42.70000076293945,34.83837127685547,4181000
2013-11-27,42.099998474121094,42.58000183105469,41.939998626708984,42.52000045776367,34.69150161743164,4764300
2013-11-29,42.630001068115234,43.08000183105469,42.5099983215332,43.0,35.08313751220703,3756400
2013-12-02,42.95000076293945,43.0,42.720001220703125,42.810001373291016,34.92811584472656,4389600
2013-12-03,42.619998931884766,42.939998626708984,42.38999938964844,42.84000015258789,34.952598571777344,6318700
2013-12-04,42.66999816894531,43.06999969482422,42.220001220703125,42.43000030517578,34.618072509765625,6592500
2013-12-05,42.47999954223633,42.72999954223633,42.38999938964844,42.65999984741211,34.80573272705078,4486700
2013-12-06,43.0099983215332,43.560001373291016,43.0099983215332,43.4900016784668,35.48291778564453,4794000
2013-12-09,43.650001525878906,43.66999816894531,43.31999969482422,43.58000183105469,35.55634689331055,5121700
2013-12-10,43.4900016784668,43.650001525878906,43.279998779296875,43.40999984741211,35.41764831542969,5146200
2013-12-11,43.45000076293945,43.5,42.779998779296875,42.810001373291016,34.92811584472656,4169600
2013-12-12,42.33000183105469,42.75,42.29999923706055,42.41999816894531,34.60991668701172,6970500
2013-12-13,42.650001525878906,42.779998779296875,41.90999984741211,41.95000076293945,34.2264518737793,5596000
2013-12-16,42.18000030517578,42.58000183105469,42.04999923706055,42.290000915527344,34.503868103027344,4144400
2013-12-17,42.2599983215332,42.61000061035156,42.22999954223633,42.43000030517578,34.618072509765625,3570500
2013-12-18,42.5099983215332,43.099998474121094,42.04999923706055,43.099998474121094,35.16472244262695,6390700
2013-12-19,43.11000061035156,43.11000061035156,42.279998779296875,42.459999084472656,34.64254379272461,4910200
2013-12-20,42.7599983215332,43.0,42.4900016784668,42.84000015258789,34.952598571777344,8648200
2013-12-23,43.0,43.40999984741211,42.900001525878906,43.36000061035156,35.37685775756836,3908600
2013-12-24,43.310001373291016,43.599998474121094,43.25,43.43000030517578,35.43397521972656,1339900
2013-12-26,43.52000045776367,43.650001525878906,43.45000076293945,43.59000015258789,35.56451416015625,1960100
2013-12-27,43.77000045776367,43.83000183105469,43.59000015258789,43.66999816894531,35.62977600097656,1938000
2013-12-30,43.5,43.90999984741211,43.4900016784668,43.900001525878906,35.81743240356445,2445700
2013-12-31,44.040000915527344,44.09000015258789,43.790000915527344,43.90999984741211,35.825592041015625,2631300
2014-01-02,43.439998626708984,43.5,42.880001068115234,43.099998474121094,35.16472244262695,6959200
2014-01-03,43.119998931884766,43.459999084472656,42.970001220703125,43.290000915527344,35.319740295410156,4693300
2014-01-06,43.25,43.279998779296875,42.849998474121094,42.93000030517578,35.026031494140625,4446300
2014-01-07,42.97999954223633,43.11000061035156,42.63999938964844,42.70000076293945,34.83837127685547,5078900
2014-01-08,42.959999084472656,43.31999969482422,42.619998931884766,43.290000915527344,35.319740295410156,6353500
2014-01-09,43.279998779296875,43.38999938964844,42.900001525878906,43.060001373291016,35.1320915222168,3383800
2014-01-10,43.150001525878906,43.25,42.7400016784668,43.11000061035156,35.172882080078125,5330900
2014-01-13,42.959999084472656,43.099998474121094,42.119998931884766,42.2400016784668,34.46306228637695,6759100
2014-01-14,42.5,43.400001525878906,42.349998474121094,43.34000015258789,35.36053466796875,6892700
2014-01-15,43.45000076293945,43.650001525878906,43.099998474121094,43.540000915527344,35.52371597290039,6605400
2014-01-16,43.52000045776367,43.599998474121094,43.2400016784668,43.369998931884766,35.3850212097168,4086900
2014-01-17,43.20000076293945,43.849998474121094,43.0099983215332,43.45000076293945,35.45027542114258,6614200
2014-01-21,43.75,43.93000030517578,43.369998931884766,43.849998474121094,35.77663040161133,7413800
2014-01-22,43.70000076293945,44.81999969482422,43.54999923706055,44.61000061035156,36.3967170715332,9822000
2014-01-23,44.119998931884766,44.54999923706055,43.95000076293945,44.09000015258789,35.97245407104492,8236400
2014-01-24,43.790000915527344,44.029998779296875,42.880001068115234,42.95000076293945,35.042335510253906,10676700
2014-01-27,42.95000076293945,43.27000045776367,42.54999923706055,42.63999938964844,34.78942108154297,7360000
2014-01-28,42.58000183105469,42.93000030517578,42.29999923706055,42.900001525878906,35.001548767089844,6356100
2014-01-29,42.31999969482422,42.75,42.2400016784668,42.400001525878906,34.837223052978516,8619600
2014-01-30,42.61000061035156,42.93000030517578,42.43000030517578,42.689998626708984,35.07549285888672,6703000
2014-01-31,41.349998474121094,42.650001525878906,41.2599983215332,42.400001525878906,34.837223052978516,12821700
2014-02-03,42.41999816894531,42.5,41.380001068115234,41.5,34.09775161743164,12669400
2014-02-04,41.599998474121094,41.70000076293945,40.849998474121094,40.88999938964844,33.59654998779297,10529900
2014-02-05,40.630001068115234,41.130001068115234,40.33000183105469,40.970001220703125,33.66228103637695,9254300
2014-02-06,41.189998626708984,41.439998626708984,41.0,41.22999954223633,33.875911712646484,4734500
2014-02-07,41.560001373291016,42.0,41.290000915527344,41.95000076293945,34.46748352050781,6005000
2014-02-10,41.970001220703125,42.369998931884766,41.88999938964844,42.36000061035156,34.80435562133789,4666000
2014-02-11,42.7599983215332,43.290000915527344,42.310001373291016,43.130001068115234,35.43701934814453,7149900
2014-02-12,43.2400016784668,43.439998626708984,43.0099983215332,43.29999923706055,35.57668685913086,5041200
2014-02-13,43.04999923706055,43.75,43.04999923706055,43.7400016784668,35.93820571899414,5029100
2014-02-14,43.52000045776367,43.939998626708984,43.400001525878906,43.86000061035156,36.03680419921875,4907400
2014-02-18,43.75,44.06999969482422,43.2400016784668,44.0099983215332,36.16005325317383,5826100
2014-02-19,43.83000183105469,44.150001525878906,43.66999816894531,43.93000030517578,36.09431838989258,5346600
2014-02-20,43.849998474121094,44.2599983215332,43.79999923706055,44.20000076293945,36.316158294677734,5371100
2014-02-21,44.400001525878906,44.43000030517578,44.02000045776367,44.150001525878906,36.275081634521484,5669500
2014-02-24,44.220001220703125,44.83000183105469,44.20000076293945,44.45000076293945,36.52156066894531,5311800
2014-02-25,44.4900016784668,44.709999084472656,44.06999969482422,44.470001220703125,36.538002014160156,5303900
2014-02-26,44.5,44.939998626708984,44.4900016784668,44.630001068115234,36.66946029663086,4532100
2014-02-27,44.529998779296875,44.81999969482422,44.47999954223633,44.779998779296875,36.79269790649414,4343500
2014-02-28,44.880001068115234,45.189998626708984,44.58000183105469,44.959999084472656,36.94059371948242,5772900
2014-03-03,44.68000030517578,44.939998626708984,44.349998474121094,44.58000183105469,36.62838363647461,4679400
2014-03-04,44.83000183105469,45.40999984741211,44.81999969482422,45.2599983215332,37.18709182739258,5112200
2014-03-05,44.150001525878906,45.599998474121094,44.150001525878906,45.18000030517578,37.121360778808594,5094800
2014-03-06,45.310001373291016,45.75,45.209999084472656,45.68000030517578,37.53217697143555,4803100
2014-03-07,45.880001068115234,46.040000915527344,45.619998931884766,45.849998474121094,37.67184066772461,3872400
2014-03-10,45.90999984741211,46.0,45.529998779296875,45.869998931884766,37.688289642333984,3370300
2014-03-11,45.9900016784668,46.2400016784668,45.29999923706055,45.66999816894531,37.52395248413086,4978200
2014-03-12,45.52000045776367,46.599998474121094,45.52000045776367,46.43000030517578,38.148406982421875,9523400
2014-03-13,46.5,46.779998779296875,44.91999816894531,44.9900016784668,36.96525192260742,9890400
2014-03-14,44.95000076293945,45.290000915527344,44.290000915527344,44.310001373291016,36.40653610229492,10047300
2014-03-17,44.540000915527344,45.52000045776367,44.40999984741211,45.27000045776367,37.19530487060547,5894500
2014-03-18,45.209999084472656,45.650001525878906,45.06999969482422,45.400001525878906,37.30211639404297,4093400
2014-03-19,45.5099983215332,46.0099983215332,45.27000045776367,45.52000045776367,37.40071487426758,5830900
2014-03-20,45.54999923706055,46.970001220703125,45.40999984741211,46.95000076293945,38.575653076171875,7694600
2014-03-21,47.43000030517578,47.650001525878906,46.4900016784668,47.150001525878906,38.73998260498047,21693300
2014-03-24,46.79999923706055,47.0,46.20000076293945,46.56999969482422,38.263423919677734,6884000
2014-03-25,46.84000015258789,46.900001525878906,46.099998474121094,46.689998626708984,38.36202621459961,6606500
2014-03-26,46.97999954223633,47.25,46.22999954223633,46.38999938964844,38.11553955078125,6824900
2014-03-27,46.45000076293945,46.619998931884766,46.0,46.08000183105469,37.86082458496094,4935700
2014-03-28,46.22999954223633,47.060001373291016,46.119998931884766,46.63999938964844,38.320945739746094,4329500
2014-03-31,47.060001373291016,47.439998626708984,46.86000061035156,47.15999984741211,38.748191833496094,4650500
2014-04-01,47.31999969482422,49.77000045776367,47.119998931884766,47.529998779296875,39.05219650268555,6467800
2014-04-02,47.58000183105469,47.970001220703125,47.470001220703125,47.619998931884766,39.12614440917969,5153900
2014-04-03,47.72999954223633,47.88999938964844,47.5,47.689998626708984,39.18365478515625,2626800
2014-04-04,47.88999938964844,48.0,46.22999954223633,46.34000015258789,38.07445526123047,7418800
2014-04-07,46.290000915527344,46.900001525878906,46.02000045776367,46.25,38.00050735473633,7278000
2014-04-08,46.36000061035156,46.900001525878906,46.279998779296875,46.77000045776367,38.42774963378906,6590100
2014-04-09,46.95000076293945,47.36000061035156,46.560001373291016,47.2400016784668,38.81392288208008,4638900
2014-04-10,47.119998931884766,47.290000915527344,45.52000045776367,45.529998779296875,37.40892791748047,8497300
2014-04-11,44.77000045776367,45.7400016784668,44.72999954223633,44.97999954223633,36.957027435302734,8361500
2014-04-14,45.7599983215332,45.7599983215332,44.91999816894531,45.31999969482422,37.236392974853516,5175100
2014-04-15,45.380001068115234,45.9900016784668,45.040000915527344,45.810001373291016,37.63898468017578,6506100
2014-04-16,45.70000076293945,45.72999954223633,44.540000915527344,45.209999084472656,37.145999908447266,8908100
2014-04-17,45.349998474121094,46.060001373291016,45.08000183105469,45.83000183105469,37.655426025390625,6542500
2014-04-21,46.18000030517578,46.2400016784668,45.68000030517578,46.11000061035156,37.885475158691406,3000900
2014-04-22,45.880001068115234,46.709999084472656,45.540000915527344,46.59000015258789,38.27986526489258,4981400
2014-04-23,46.54999923706055,47.0,46.41999816894531,46.459999084472656,38.17304611206055,5865900
2014-04-24,47.779998779296875,49.11000061035156,47.630001068115234,48.470001220703125,39.82452392578125,13421500
2014-04-25,47.9900016784668,48.15999984741211,45.939998626708984,46.34000015258789,38.07445526123047,12403800
2014-04-28,46.459999084472656,46.72999954223633,45.209999084472656,45.45000076293945,37.58652114868164,13496500
2014-04-29,45.81999969482422,46.220001220703125,45.630001068115234,46.119998931884766,38.14060974121094,7783900
2014-04-30,45.959999084472656,46.16999816894531,45.43000030517578,45.45000076293945,37.58652114868164,9909700
2014-05-01,45.90999984741211,46.0,45.150001525878906,45.22999954223633,37.40459442138672,9211400
2014-05-02,45.56999969482422,45.970001220703125,45.25,45.779998779296875,37.859432220458984,6002400
2014-05-05,45.4900016784668,45.86000061035156,45.380001068115234,45.720001220703125,37.809810638427734,3970900
2014-05-06,45.630001068115234,45.86000061035156,45.31999969482422,45.380001068115234,37.52864456176758,4431200
2014-05-07,45.33000183105469,45.65999984741211,45.08000183105469,45.58000183105469,37.694034576416016,4491500
2014-05-08,45.59000015258789,46.599998474121094,45.369998931884766,46.11000061035156,38.13233947753906,6113600
2014-05-09,46.040000915527344,46.18000030517578,45.47999954223633,45.84000015258789,37.909053802490234,5549800
2014-05-12,46.130001068115234,47.150001525878906,45.97999954223633,46.95000076293945,38.82701110839844,6529000
2014-05-13,46.90999984741211,47.0099983215332,46.099998474121094,46.13999938964844,38.15715408325195,8041500
2014-05-14,45.83000183105469,46.279998779296875,45.459999084472656,45.61000061035156,37.718841552734375,6239800
2014-05-15,45.529998779296875,45.65999984741211,44.68000030517578,44.88999938964844,37.12342071533203,8456000
2014-05-16,45.119998931884766,45.220001220703125,44.75,44.9900016784668,37.20611572265625,6593500
2014-05-19,45.209999084472656,45.83000183105469,45.130001068115234,45.599998474121094,37.71057891845703,4692100
2014-05-20,45.41999816894531,45.83000183105469,45.380001068115234,45.709999084472656,37.801551818847656,4440100
2014-05-21,45.939998626708984,45.95000076293945,45.349998474121094,45.650001525878906,37.75191879272461,3993300
2014-05-22,45.7400016784668,46.2599983215332,45.619998931884766,46.13999938964844,38.15715408325195,4279700
2014-05-23,46.08000183105469,46.29999923706055,45.91999816894531,46.25,38.24812698364258,3864500
2014-05-27,46.380001068115234,46.790000915527344,46.2400016784668,46.349998474121094,38.3308219909668,4594900
2014-05-28,46.290000915527344,46.529998779296875,45.970001220703125,46.459999084472656,38.421775817871094,3976400
2014-05-29,46.56999969482422,46.65999984741211,46.38999938964844,46.65999984741211,38.587181091308594,2975300
2014-05-30,46.84000015258789,47.0,46.439998626708984,46.97999954223633,38.8518180847168,4576100
2014-06-02,47.0,47.2400016784668,46.779998779296875,46.9900016784668,38.86009216308594,3379700
2014-06-03,46.93000030517578,47.189998626708984,46.779998779296875,46.9900016784668,38.86009216308594,3955200
2014-06-04,47.189998626708984,47.189998626708984,46.77000045776367,46.849998474121094,38.744300842285156,3497700
2014-06-05,45.86000061035156,47.4900016784668,45.650001525878906,47.400001525878906,39.19915008544922,4038200
2014-06-06,47.689998626708984,47.77000045776367,47.380001068115234,47.5,39.28185272216797,2965800
2014-06-09,47.540000915527344,47.970001220703125,47.47999954223633,47.880001068115234,39.596099853515625,4376700
2014-06-10,47.779998779296875,47.97999954223633,47.650001525878906,47.970001220703125,39.670536041259766,2697000
2014-06-11,47.86000061035156,48.2400016784668,47.66999816894531,48.09000015258789,39.769775390625,3333300
2014-06-12,47.88999938964844,48.2400016784668,47.83000183105469,48.13999938964844,39.811134338378906,5782600
2014-06-13,48.279998779296875,48.45000076293945,47.90999984741211,48.33000183105469,39.9682502746582,4763500
2014-06-16,48.04999923706055,48.290000915527344,47.79999923706055,48.130001068115234,39.802860260009766,4473200
2014-06-17,47.959999084472656,48.31999969482422,47.91999816894531,48.2599983215332,39.91035842895508,3845300
2014-06-18,48.279998779296875,48.29999923706055,47.630001068115234,47.869998931884766,39.587833404541016,3973100
2014-06-19,48.08000183105469,48.209999084472656,47.619998931884766,47.90999984741211,39.620914459228516,5185400
2014-06-20,48.060001373291016,48.220001220703125,47.560001373291016,47.939998626708984,39.64571762084961,8463900
2014-06-23,47.97999954223633,48.16999816894531,47.81999969482422,48.08000183105469,39.76150894165039,3002500
2014-06-24,47.88999938964844,48.20000076293945,47.63999938964844,47.709999084472656,39.45551681518555,3732800
2014-06-25,46.65999984741211,48.11000061035156,46.54999923706055,48.040000915527344,39.728416442871094,3645000
2014-06-26,48.040000915527344,48.04999923706055,47.380001068115234,47.790000915527344,39.52167892456055,3533000
2014-06-27,47.720001220703125,47.779998779296875,47.369998931884766,47.7599983215332,39.49686050415039,4105900
2014-06-30,47.66999816894531,47.95000076293945,47.47999954223633,47.790000915527344,39.52167892456055,3109800
2014-07-01,48.029998779296875,48.72999954223633,47.93000030517578,48.4900016784668,40.100563049316406,4714500
2014-07-02,48.33000183105469,48.66999816894531,48.33000183105469,48.5099983215332,40.11710739135742,2825500
2014-07-03,48.58000183105469,48.97999954223633,48.5,48.95000076293945,40.48098373413086,1689500
2014-07-07,48.72999954223633,49.09000015258789,48.72999954223633,48.91999816894531,40.456172943115234,2912700
2014-07-08,48.52000045776367,49.040000915527344,48.52000045776367,48.849998474121094,40.39827346801758,4789800
2014-07-09,49.060001373291016,49.40999984741211,48.83000183105469,49.279998779296875,40.753883361816406,4378200
2014-07-10,48.7599983215332,49.09000015258789,48.279998779296875,49.0,40.522335052490234,4907400
2014-07-11,48.83000183105469,49.290000915527344,48.83000183105469,49.290000915527344,40.76216506958008,4231400
2014-07-14,49.439998626708984,49.529998779296875,48.86000061035156,48.91999816894531,40.456172943115234,5171500
2014-07-15,48.97999954223633,49.119998931884766,48.41999816894531,48.65999984741211,40.24116134643555,5461600
2014-07-16,49.0,49.20000076293945,48.810001373291016,49.04999923706055,40.56367492675781,4894500
2014-07-17,48.529998779296875,48.93000030517578,48.060001373291016,48.150001525878906,39.81938934326172,5321300
2014-07-18,48.41999816894531,48.970001220703125,48.16999816894531,48.81999969482422,40.373470306396484,5178800
2014-07-21,48.08000183105469,49.34000015258789,48.08000183105469,49.16999816894531,40.66292190551758,7681800
2014-07-22,49.0,49.2400016784668,48.439998626708984,49.119998931884766,40.62156677246094,8210500
2014-07-23,49.220001220703125,49.2400016784668,48.150001525878906,48.20000076293945,39.86073684692383,12255400
2014-07-24,48.5,48.61000061035156,47.779998779296875,47.86000061035156,39.579566955566406,9868300
2014-07-25,47.72999954223633,47.72999954223633,46.77000045776367,46.81999969482422,38.719505310058594,9472100
2014-07-28,46.849998474121094,47.439998626708984,46.380001068115234,47.349998474121094,39.15779113769531,11324800
2014-07-29,47.189998626708984,47.47999954223633,46.77000045776367,46.77000045776367,38.92476272583008,6139700
2014-07-30,47.0,47.380001068115234,46.7599983215332,47.22999954223633,39.3076057434082,5408200
2014-07-31,46.84000015258789,46.939998626708984,46.02000045776367,46.25,38.49199676513672,8564900
2014-08-01,46.27000045776367,46.630001068115234,46.119998931884766,46.2400016784668,38.48368453979492,7316800
2014-08-04,46.20000076293945,46.5099983215332,46.04999923706055,46.38999938964844,38.60851287841797,5327100
2014-08-05,46.459999084472656,46.459999084472656,45.91999816894531,45.9900016784668,38.27560806274414,7867500
2014-08-06,45.880001068115234,46.439998626708984,45.779998779296875,46.16999816894531,38.4254150390625,4940900
2014-08-07,46.45000076293945,46.5,45.599998474121094,45.66999816894531,38.0092887878418,6689400
2014-08-08,45.900001525878906,46.38999938964844,45.849998474121094,46.33000183105469,38.558570861816406,4992300
2014-08-11,46.20000076293945,46.81999969482422,46.20000076293945,46.5,38.700050354003906,3393300
2014-08-12,46.25,46.7400016784668,46.25,46.66999816894531,38.84154510498047,3788200
2014-08-13,47.20000076293945,47.20000076293945,46.83000183105469,47.08000183105469,39.182769775390625,5457800
2014-08-14,47.18000030517578,47.33000183105469,47.0099983215332,47.2599983215332,39.33256912231445,2550700
2014-08-15,47.66999816894531,47.72999954223633,46.9900016784668,47.560001373291016,39.5822639465332,5854100
2014-08-18,47.54999923706055,47.7400016784668,47.36000061035156,47.560001373291016,39.5822639465332,3806300
2014-08-19,47.61000061035156,47.91999816894531,47.45000076293945,47.689998626708984,39.69045639038086,3092200
2014-08-20,47.68000030517578,47.9900016784668,47.66999816894531,47.880001068115234,39.848575592041016,5266400
2014-08-21,47.939998626708984,48.22999954223633,47.79999923706055,48.16999816894531,40.08993148803711,3698600
2014-08-22,48.2599983215332,48.349998474121094,47.959999084472656,48.02000045776367,39.965087890625,3196900
2014-08-25,48.369998931884766,48.5,47.2599983215332,47.369998931884766,39.424129486083984,4986900
2014-08-26,47.459999084472656,47.650001525878906,47.310001373291016,47.4900016784668,39.52399826049805,4560400
2014-08-27,47.619998931884766,47.84000015258789,47.22999954223633,47.779998779296875,39.765350341796875,4945900
2014-08-28,47.61000061035156,48.15999984741211,47.4900016784668,48.02000045776367,39.965087890625,3427300
2014-08-29,48.310001373291016,48.34000015258789,47.88999938964844,48.18000030517578,40.098262786865234,3433000
2014-09-02,48.43000030517578,48.43000030517578,47.650001525878906,47.90999984741211,39.873558044433594,3321300
2014-09-03,48.310001373291016,48.369998931884766,47.90999984741211,48.349998474121094,40.23974609375,3884300
2014-09-04,48.5,48.560001373291016,48.15999984741211,48.25,40.1565055847168,3480200
2014-09-05,48.310001373291016,48.59000015258789,48.209999084472656,48.58000183105469,40.43115997314453,3648600
2014-09-08,48.38999938964844,48.77000045776367,48.31999969482422,48.4900016784668,40.35625457763672,3975400
2014-09-09,48.38999938964844,48.52000045776367,48.20000076293945,48.279998779296875,40.18147659301758,3153700
2014-09-10,48.41999816894531,48.41999816894531,47.83000183105469,47.9900016784668,39.940128326416016,5503700
2014-09-11,47.79999923706055,48.220001220703125,47.70000076293945,48.150001525878906,40.073280334472656,3165900
2014-09-12,47.93000030517578,48.18000030517578,47.459999084472656,47.83000183105469,39.806968688964844,4838300
2014-09-15,47.11000061035156,47.95000076293945,47.11000061035156,47.59000015258789,39.60721969604492,3238700
2014-09-16,47.349998474121094,48.08000183105469,47.099998474121094,47.91999816894531,39.88185501098633,5499600
2014-09-17,47.970001220703125,48.630001068115234,47.90999984741211,48.369998931884766,40.256385803222656,3854700
2014-09-18,48.470001220703125,49.040000915527344,48.34000015258789,48.97999954223633,40.76406478881836,3778500
2014-09-19,49.0,49.369998931884766,48.650001525878906,48.75,40.57265090942383,12560600
2014-09-22,48.689998626708984,48.75,48.2599983215332,48.65999984741211,40.49774169921875,5756500
2014-09-23,48.31999969482422,48.959999084472656,48.31999969482422,48.65999984741211,40.49774169921875,5646900
2014-09-24,48.65999984741211,48.95000076293945,48.560001373291016,48.810001373291016,40.62257766723633,5125600
2014-09-25,48.7400016784668,48.84000015258789,48.060001373291016,48.13999938964844,40.064971923828125,5297300
2014-09-26,48.18000030517578,48.470001220703125,48.040000915527344,48.33000183105469,40.22309875488281,3601700
2014-09-29,48.0099983215332,48.470001220703125,47.90999984741211,48.2599983215332,40.16482925415039,3160800
2014-09-30,48.20000076293945,48.529998779296875,47.54999923706055,47.689998626708984,39.69045639038086,6431700
2014-10-01,47.5099983215332,47.720001220703125,46.81999969482422,46.880001068115234,39.01632308959961,7854600
2014-10-02,46.77000045776367,47.06999969482422,46.130001068115234,46.84000015258789,38.983028411865234,5616100
2014-10-03,47.0,47.400001525878906,46.619998931884766,46.81999969482422,38.96638870239258,5889900
2014-10-06,46.970001220703125,47.25,46.310001373291016,46.630001068115234,38.80825424194336,4733500
2014-10-07,46.369998931884766,46.52000045776367,45.900001525878906,46.0099983215332,38.29225540161133,8099700
2014-10-08,46.16999816894531,47.11000061035156,45.70000076293945,46.939998626708984,39.06625747680664,8036300
2014-10-09,46.709999084472656,47.040000915527344,45.97999954223633,46.02000045776367,38.30058288574219,8886100
2014-10-10,44.29999923706055,44.29999923706055,41.56999969482422,42.7400016784668,35.57075881958008,33229600
2014-10-13,42.56999969482422,43.150001525878906,41.470001220703125,41.93000030517578,34.89664077758789,15196200
2014-10-14,42.61000061035156,43.04999923706055,42.119998931884766,42.310001373291016,35.212886810302734,9357400
2014-10-15,41.7400016784668,43.130001068115234,41.70000076293945,42.7599983215332,35.5874137878418,14593100
2014-10-16,42.040000915527344,43.900001525878906,42.040000915527344,43.59000015258789,36.27817916870117,11352100
2014-10-17,43.95000076293945,44.619998931884766,43.58000183105469,43.66999816894531,36.34476852416992,12992200
2014-10-20,43.4900016784668,44.5,43.189998626708984,44.40999984741211,36.96063232421875,9502200
2014-10-21,45.540000915527344,46.84000015258789,45.08000183105469,46.77000045776367,38.92476272583008,15036700
2014-10-22,47.40999984741211,47.68000030517578,46.59000015258789,46.619998931884766,38.7999267578125,11651100
2014-10-23,47.18000030517578,47.43000030517578,46.84000015258789,47.0,39.116188049316406,7005900
2014-10-24,47.130001068115234,47.630001068115234,46.77000045776367,47.56999969482422,39.590572357177734,5606900
2014-10-27,47.63999938964844,48.060001373291016,47.130001068115234,47.95000076293945,39.90684127807617,7576300
2014-10-28,48.099998474121094,48.5,47.84000015258789,48.5,40.36457824707031,6328700
2014-10-29,48.130001068115234,48.560001373291016,47.9900016784668,48.33000183105469,40.50706481933594,8163900
2014-10-30,48.13999938964844,48.31999969482422,46.880001068115234,47.529998779296875,39.836551666259766,11485300
2014-10-31,49.150001525878906,50.209999084472656,48.75,49.65999984741211,41.62177276611328,14551100
2014-11-03,49.650001525878906,50.29999923706055,49.54999923706055,50.08000183105469,41.97380828857422,6921500
2014-11-04,49.970001220703125,50.459999084472656,49.75,50.400001525878906,42.24199295043945,6285500
2014-11-05,50.47999954223633,51.18000030517578,50.27000045776367,51.130001068115234,42.853843688964844,5302600
2014-11-06,51.04999923706055,51.349998474121094,50.560001373291016,50.90999984741211,42.66945266723633,6300700
2014-11-07,51.099998474121094,51.16999816894531,50.58000183105469,50.900001525878906,42.661075592041016,4927500
2014-11-10,50.900001525878906,51.630001068115234,50.849998474121094,51.560001373291016,43.2142448425293,4528100
2014-11-11,51.79999923706055,51.79999923706055,51.130001068115234,51.31999969482422,43.01307678222656,4269300
2014-11-12,51.31999969482422,51.45000076293945,50.75,51.279998779296875,42.97956085205078,4093000
2014-11-13,51.150001525878906,51.689998626708984,50.93000030517578,51.18000030517578,42.8957405090332,4411200
2014-11-14,50.880001068115234,51.650001525878906,50.880001068115234,51.630001068115234,43.27291488647461,3575000
2014-11-17,51.54999923706055,51.619998931884766,51.08000183105469,51.54999923706055,43.20586395263672,3218800
2014-11-18,51.54999923706055,52.08000183105469,51.349998474121094,51.84000015258789,43.44891357421875,4627300
2014-11-19,51.79999923706055,51.959999084472656,51.349998474121094,51.939998626708984,43.53272247314453,6590400
2014-11-20,51.75,52.2599983215332,51.5,52.22999954223633,43.77577590942383,4759900
2014-11-21,52.63999938964844,52.97999954223633,52.040000915527344,52.560001373291016,44.05237579345703,5287300
2014-11-24,53.0,53.119998931884766,52.45000076293945,52.849998474121094,44.29542541503906,3441800
2014-11-25,52.849998474121094,53.040000915527344,52.31999969482422,52.439998626708984,43.951805114746094,5329000
2014-11-26,52.529998779296875,54.349998474121094,52.5099983215332,54.33000183105469,45.53586959838867,7216700
2014-11-28,54.54999923706055,54.7400016784668,54.2599983215332,54.41999816894531,45.611297607421875,3628600
2014-12-01,54.27000045776367,54.470001220703125,53.619998931884766,54.25,45.46881866455078,5849800
2014-12-02,54.33000183105469,54.650001525878906,54.029998779296875,54.560001373291016,45.728641510009766,4051100
2014-12-03,54.86000061035156,55.68000030517578,54.54999923706055,55.619998931884766,46.6170654296875,5493600
2014-12-04,55.29999923706055,55.779998779296875,55.15999984741211,55.40999984741211,46.44105529785156,4114100
2014-12-05,55.650001525878906,55.720001220703125,55.2400016784668,55.58000183105469,46.58354949951172,3923500
2014-12-08,55.13999938964844,56.0,54.810001373291016,55.08000183105469,46.16447067260742,5914100
2014-12-09,54.540000915527344,55.40999984741211,54.310001373291016,55.0099983215332,46.10580062866211,8379200
2014-12-10,54.91999816894531,55.20000076293945,54.029998779296875,54.099998474121094,45.34309768676758,5838100
2014-12-11,54.290000915527344,54.86000061035156,54.150001525878906,54.4900016784668,45.66997528076172,6517300
2014-12-12,53.939998626708984,54.599998474121094,52.95000076293945,53.11000061035156,44.51334762573242,8428000
2014-12-15,53.63999938964844,53.9900016784668,52.779998779296875,53.06999969482422,44.479820251464844,7483900
2014-12-16,53.0,53.7599983215332,52.41999816894531,52.470001220703125,43.97694396972656,7171500
2014-12-17,52.45000076293945,53.66999816894531,51.959999084472656,53.5,44.840213775634766,8881400
2014-12-18,54.5099983215332,54.529998779296875,54.0,54.470001220703125,45.65321731567383,8119900
2014-12-19,54.95000076293945,54.95000076293945,54.02000045776367,54.22999954223633,45.45205307006836,10583500
2014-12-22,54.4900016784668,54.95000076293945,54.33000183105469,54.81999969482422,45.94655990600586,4359900
2014-12-23,54.959999084472656,55.34000015258789,54.72999954223633,54.779998779296875,45.91302490234375,3507600
2014-12-24,54.9900016784668,55.09000015258789,54.84000015258789,54.86000061035156,45.98008346557617,1442900
2014-12-26,54.90999984741211,55.02000045776367,54.70000076293945,54.75,45.88788986206055,1838700
2014-12-29,54.70000076293945,54.810001373291016,54.380001068115234,54.459999084472656,45.64482116699219,2381000
2014-12-30,54.369998931884766,54.369998931884766,53.90999984741211,53.93000030517578,45.200618743896484,2626900
2014-12-31,54.20000076293945,54.25,53.439998626708984,53.470001220703125,44.81507873535156,4068600
2015-01-02,53.560001373291016,54.08000183105469,53.0099983215332,53.47999954223633,44.823463439941406,4020100
2015-01-05,53.189998626708984,53.4900016784668,52.599998474121094,52.650001525878906,44.1278076171875,5599300
2015-01-06,52.88999938964844,53.02000045776367,51.720001220703125,51.779998779296875,43.39863204956055,5468400
2015-01-07,52.0099983215332,52.869998931884766,51.790000915527344,52.709999084472656,44.1780891418457,4577100
2015-01-08,53.130001068115234,53.95000076293945,53.0099983215332,53.56999969482422,44.89888000488281,6295200
2015-01-09,53.47999954223633,53.97999954223633,53.09000015258789,53.599998474121094,44.924034118652344,3913700
2015-01-12,53.7400016784668,53.75,52.900001525878906,53.119998931884766,44.521728515625,4282500
2015-01-13,53.56999969482422,54.279998779296875,52.459999084472656,52.790000915527344,44.24513626098633,5013900
2015-01-14,52.54999923706055,53.310001373291016,52.2400016784668,52.709999084472656,44.1780891418457,5191400
2015-01-15,52.90999984741211,53.2400016784668,52.20000076293945,52.38999938964844,43.909881591796875,5796300
2015-01-16,52.47999954223633,53.41999816894531,52.119998931884766,53.290000915527344,44.66421127319336,4988700
2015-01-20,53.4900016784668,54.150001525878906,53.189998626708984,53.810001373291016,45.100040435791016,7213400
2015-01-21,53.29999923706055,54.470001220703125,53.20000076293945,54.279998779296875,45.49396514892578,5468900
2015-01-22,54.31999969482422,54.97999954223633,53.34000015258789,54.970001220703125,46.07227325439453,5484200
2015-01-23,54.959999084472656,55.290000915527344,54.540000915527344,55.060001373291016,46.14771270751953,4856500
2015-01-26,54.70000076293945,55.29999923706055,54.36000061035156,55.04999923706055,46.13932418823242,6137000
2015-01-27,54.529998779296875,55.459999084472656,54.209999084472656,54.83000183105469,45.954933166503906,8532600
2015-01-28,54.75,55.25,53.849998474121094,53.939998626708984,45.491092681884766,7393500
2015-01-29,53.720001220703125,54.86000061035156,53.40999984741211,54.66999816894531,46.10674285888672,5044900
2015-01-30,53.97999954223633,54.599998474121094,53.349998474121094,53.45000076293945,45.07783889770508,12515800
2015-02-02,53.5,53.7599983215332,52.40999984741211,53.4900016784668,45.11157989501953,8385600
2015-02-03,53.709999084472656,54.47999954223633,53.61000061035156,54.439998626708984,45.91276931762695,6017400
2015-02-04,54.0099983215332,54.900001525878906,54.0099983215332,54.619998931884766,46.0645751953125,7962500
2015-02-05,54.63999938964844,55.34000015258789,54.47999954223633,55.310001373291016,46.6464958190918,5060000
2015-02-06,55.290000915527344,55.45000076293945,54.27000045776367,54.36000061035156,45.845298767089844,7715900
2015-02-09,54.310001373291016,54.7599983215332,54.029998779296875,54.27000045776367,45.7694091796875,5146400
2015-02-10,54.75,55.869998931884766,54.56999969482422,55.81999969482422,47.07661056518555,5654400
2015-02-11,55.63999938964844,56.22999954223633,55.5,56.0,47.22841262817383,4956100
2015-02-12,56.4900016784668,57.5,56.29999923706055,57.439998626708984,48.4428596496582,7069500
2015-02-13,57.599998474121094,57.97999954223633,57.209999084472656,57.970001220703125,48.88984298706055,5330900
2015-02-17,57.66999816894531,58.459999084472656,57.54999923706055,58.20000076293945,49.08380889892578,7962600
2015-02-18,57.79999923706055,58.13999938964844,57.599998474121094,57.939998626708984,48.86454391479492,3276500
2015-02-19,57.88999938964844,58.189998626708984,57.7400016784668,58.040000915527344,48.94887924194336,2422300
2015-02-20,58.040000915527344,58.540000915527344,57.59000015258789,58.52000045776367,49.353702545166016,3630300
2015-02-23,58.459999084472656,58.4900016784668,57.90999984741211,58.27000045776367,49.142860412597656,3053400
2015-02-24,58.09000015258789,59.0099983215332,58.0,58.959999084472656,49.724769592285156,4426900
2015-02-25,58.91999816894531,59.290000915527344,58.75,59.099998474121094,49.84284210205078,3921100
2015-02-26,59.27000045776367,59.4900016784668,58.90999984741211,59.41999816894531,50.11272430419922,5274000
2015-02-27,59.4900016784668,59.4900016784668,58.720001220703125,58.79999923706055,49.5898323059082,6494900
2015-03-02,59.06999969482422,59.9900016784668,58.959999084472656,59.939998626708984,50.551265716552734,4572500
2015-03-03,59.79999923706055,59.810001373291016,58.5,58.56999969482422,49.39585876464844,6088200
2015-03-04,58.52000045776367,58.66999816894531,57.86000061035156,58.31999969482422,49.185028076171875,4473900
2015-03-05,58.29999923706055,58.790000915527344,58.02000045776367,58.34000015258789,49.20188903808594,3685800
2015-03-06,58.20000076293945,58.310001373291016,57.45000076293945,57.63999938964844,48.61153793334961,4476900
2015-03-09,57.7599983215332,58.630001068115234,57.61000061035156,58.41999816894531,49.26935958862305,4034000
2015-03-10,57.849998474121094,58.16999816894531,57.06999969482422,57.099998474121094,48.1561279296875,5721900
2015-03-11,57.43000030517578,57.77000045776367,57.119998931884766,57.16999816894531,48.215152740478516,3151500
2015-03-12,56.5,57.34000015258789,56.349998474121094,57.220001220703125,48.257320404052734,3707900
2015-03-13,57.38999938964844,57.5,56.61000061035156,57.119998931884766,48.1729850769043,4805400
2015-03-16,57.4900016784668,58.439998626708984,57.380001068115234,58.33000183105469,49.193458557128906,5162700
2015-03-17,58.189998626708984,58.22999954223633,57.47999954223633,57.970001220703125,48.88984298706055,3261200
2015-03-18,58.16999816894531,58.689998626708984,56.93000030517578,58.29999923706055,49.16815185546875,6239000
2015-03-19,58.349998474121094,58.72999954223633,58.09000015258789,58.529998779296875,49.36212921142578,3411400
2015-03-20,58.900001525878906,59.529998779296875,58.72999954223633,59.279998779296875,49.994651794433594,9150800
2015-03-23,59.18000030517578,59.2599983215332,58.630001068115234,58.65999984741211,49.47176742553711,3807300
2015-03-24,58.790000915527344,59.02000045776367,58.40999984741211,58.439998626708984,49.28622055053711,3665700
2015-03-25,58.40999984741211,58.599998474121094,55.72999954223633,55.72999954223633,47.000709533691406,11204000
2015-03-26,55.09000015258789,56.25,54.619998931884766,55.79999923706055,47.05974578857422,6830800
2015-03-27,55.77000045776367,57.18000030517578,55.560001373291016,56.7599983215332,47.8693733215332,5144300
2015-03-30,57.099998474121094,58.119998931884766,56.84000015258789,58.0,48.9151496887207,5336100
2015-03-31,57.7400016784668,57.90999984741211,57.08000183105469,57.189998626708984,48.23201370239258,4905300
2015-04-01,57.04999923706055,57.22999954223633,56.22999954223633,56.540000915527344,47.6838264465332,5322900
2015-04-02,56.68000030517578,57.20000076293945,56.41999816894531,56.720001220703125,47.835628509521484,3545900
2015-04-06,56.189998626708984,57.150001525878906,55.86000061035156,56.810001373291016,47.91154479980469,3120500
2015-04-07,56.689998626708984,57.43000030517578,56.56999969482422,56.939998626708984,48.02118682861328,3259600
2015-04-08,56.79999923706055,57.290000915527344,56.560001373291016,56.970001220703125,48.04648208618164,4142200
2015-04-09,56.720001220703125,57.84000015258789,56.529998779296875,57.779998779296875,48.7296028137207,4362200
2015-04-10,57.83000183105469,57.849998474121094,57.540000915527344,57.70000076293945,48.66213607788086,3410800
2015-04-13,57.81999969482422,57.9900016784668,57.189998626708984,57.209999084472656,48.24888229370117,3004400
2015-04-14,57.150001525878906,57.40999984741211,56.58000183105469,56.75,47.86094284057617,3875100
2015-04-15,57.11000061035156,58.689998626708984,56.9900016784668,58.5,49.33683395385742,6654600
2015-04-16,58.13999938964844,58.58000183105469,58.08000183105469,58.40999984741211,49.26091766357422,4058800
2015-04-17,57.84000015258789,58.20000076293945,57.20000076293945,57.33000183105469,48.350101470947266,5231200
2015-04-20,57.599998474121094,58.529998779296875,57.599998474121094,58.16999816894531,49.05852127075195,3220400
2015-04-21,58.869998931884766,58.869998931884766,58.029998779296875,58.15999984741211,49.050079345703125,2853700
2015-04-22,58.540000915527344,58.86000061035156,57.970001220703125,58.72999954223633,49.53079605102539,4473500
2015-04-23,54.29999923706055,54.93000030517578,53.93000030517578,54.720001220703125,46.14891815185547,22987500
2015-04-24,54.68000030517578,54.83000183105469,54.130001068115234,54.72999954223633,46.1573486328125,10533600
2015-04-27,55.31999969482422,56.29999923706055,55.09000015258789,55.560001373291016,46.857337951660156,8397300
2015-04-28,55.310001373291016,55.52000045776367,54.63999938964844,55.09000015258789,46.74701690673828,6729300
2015-04-29,54.66999816894531,55.31999969482422,54.369998931884766,55.02000045776367,46.687618255615234,5276300
2015-04-30,54.90999984741211,55.150001525878906,53.91999816894531,54.209999084472656,46.00029373168945,6756900
2015-05-01,54.709999084472656,55.43000030517578,54.41999816894531,55.310001373291016,46.93370819091797,5726700
2015-05-04,55.29999923706055,55.61000061035156,55.0099983215332,55.29999923706055,46.92522048950195,4060500
2015-05-05,54.970001220703125,55.029998779296875,53.849998474121094,54.0099983215332,45.83058547973633,7970100
2015-05-06,54.130001068115234,54.54999923706055,53.34000015258789,53.70000076293945,45.567527770996094,7737300
2015-05-07,53.970001220703125,54.400001525878906,53.81999969482422,54.060001373291016,45.87301254272461,5846600
2015-05-08,54.5,55.16999816894531,54.34000015258789,54.70000076293945,46.41609191894531,4814600
2015-05-11,54.619998931884766,54.75,54.310001373291016,54.439998626708984,46.19546127319336,4204100
2015-05-12,54.20000076293945,54.59000015258789,53.75,54.16999816894531,45.96635437011719,4315500
2015-05-13,54.15999984741211,54.959999084472656,54.130001068115234,54.689998626708984,46.40760803222656,4332600
2015-05-14,55.119998931884766,55.86000061035156,55.0,55.61000061035156,47.18827438354492,4109300
2015-05-15,55.900001525878906,56.0,55.27000045776367,55.61000061035156,47.18827438354492,4165300
2015-05-18,55.5099983215332,55.900001525878906,55.279998779296875,55.790000915527344,47.341026306152344,3861300
2015-05-19,55.88999938964844,56.130001068115234,55.56999969482422,55.779998779296875,47.332523345947266,4848500
2015-05-20,55.810001373291016,56.27000045776367,55.560001373291016,55.630001068115234,47.20524978637695,4179300
2015-05-21,55.5099983215332,56.0,55.2599983215332,55.5,47.094932556152344,4260800
2015-05-22,55.22999954223633,55.599998474121094,55.22999954223633,55.369998931884766,46.9846305847168,5419700
2015-05-26,55.25,55.25,54.20000076293945,54.560001373291016,46.29729080200195,5312000
2015-05-27,54.709999084472656,56.22999954223633,54.59000015258789,55.970001220703125,47.49375915527344,7278200
2015-05-28,55.959999084472656,56.400001525878906,55.720001220703125,55.90999984741211,47.44283676147461,6851200
2015-05-29,56.02000045776367,56.34000015258789,55.56999969482422,55.91999816894531,47.45133590698242,5928700
2015-06-01,55.70000076293945,56.34000015258789,55.41999816894531,55.709999084472656,47.273136138916016,4576000
2015-06-02,55.41999816894531,55.599998474121094,54.880001068115234,55.25,46.8828010559082,4630100
2015-06-03,55.459999084472656,55.58000183105469,54.81999969482422,54.88999938964844,46.57730484008789,3659000
2015-06-04,54.65999984741211,54.880001068115234,53.83000183105469,53.97999954223633,45.80512237548828,6640700
2015-06-05,53.97999954223633,54.2599983215332,53.58000183105469,53.790000915527344,45.643898010253906,3650400
2015-06-08,53.66999816894531,53.720001220703125,52.709999084472656,52.81999969482422,44.82079315185547,4795400
2015-06-09,52.84000015258789,53.290000915527344,52.439998626708984,52.91999816894531,44.90565490722656,4414300
2015-06-10,53.13999938964844,54.38999938964844,52.91999816894531,54.189998626708984,45.98332214355469,6930600
2015-06-11,54.16999816894531,54.2599983215332,53.56999969482422,53.63999938964844,45.51662063598633,4711200
2015-06-12,53.349998474121094,53.5099983215332,52.9900016784668,53.0099983215332,44.982025146484375,4174100
2015-06-15,52.45000076293945,53.11000061035156,52.31999969482422,53.04999923706055,45.01597595214844,4895300
2015-06-16,52.90999984741211,53.20000076293945,52.65999984741211,53.09000015258789,45.04990768432617,2702200
2015-06-17,53.310001373291016,53.529998779296875,52.869998931884766,53.290000915527344,45.21962356567383,3465700
2015-06-18,53.47999954223633,54.369998931884766,53.34000015258789,54.220001220703125,46.00878143310547,5911000
2015-06-19,54.25,54.59000015258789,53.540000915527344,54.5099983215332,46.25486755371094,9948600
2015-06-22,54.619998931884766,55.52000045776367,54.619998931884766,55.5,47.094932556152344,9503400
2015-06-23,55.310001373291016,55.599998474121094,54.709999084472656,54.83000183105469,46.526397705078125,5055800
2015-06-24,54.650001525878906,54.810001373291016,53.93000030517578,53.9900016784668,45.8136100769043,4203500
2015-06-25,54.22999954223633,54.41999816894531,53.7400016784668,53.79999923706055,45.65239334106445,3759600
2015-06-26,53.38999938964844,53.75,52.43000030517578,52.900001525878906,44.88868713378906,7860300
2015-06-29,52.560001373291016,52.65999984741211,51.470001220703125,51.52000045776367,43.717681884765625,6566400
2015-06-30,51.97999954223633,51.9900016784668,51.29999923706055,51.5099983215332,43.709190368652344,5260600
2015-07-01,52.150001525878906,52.310001373291016,51.7599983215332,51.90999984741211,44.04860305786133,9820200
2015-07-02,52.189998626708984,52.2400016784668,51.77000045776367,51.970001220703125,44.099525451660156,3642400
2015-07-06,51.45000076293945,52.0099983215332,51.060001373291016,51.38999938964844,43.607364654541016,4251200
2015-07-07,51.310001373291016,51.459999084472656,49.97999954223633,51.209999084472656,43.45462417602539,8205800
2015-07-08,50.619998931884766,50.689998626708984,49.459999084472656,49.529998779296875,42.0290412902832,11806400
2015-07-09,50.04999923706055,50.400001525878906,48.09000015258789,48.11000061035156,40.824092864990234,22612200
2015-07-10,48.93000030517578,49.27000045776367,48.599998474121094,49.0099983215332,41.58779525756836,8448900
2015-07-13,49.20000076293945,49.54999923706055,49.0,49.33000183105469,41.85933303833008,4937600
2015-07-14,49.38999938964844,50.0,49.310001373291016,49.7599983215332,42.22421646118164,6500100
2015-07-15,49.22999954223633,49.79999923706055,49.150001525878906,49.4900016784668,41.99510955810547,5461600
2015-07-16,49.47999954223633,49.650001525878906,48.779998779296875,49.36000061035156,41.884803771972656,7401200
2015-07-17,49.27000045776367,49.45000076293945,48.77000045776367,49.36000061035156,41.884803771972656,7021300
2015-07-20,51.060001373291016,51.060001373291016,49.83000183105469,50.09000015258789,42.50423049926758,8876900
2015-07-21,50.029998779296875,51.08000183105469,49.900001525878906,50.22999954223633,42.623043060302734,10632900
2015-07-22,48.29999923706055,49.63999938964844,48.0,49.29999923706055,41.83387756347656,15381500
2015-07-23,49.84000015258789,51.2599983215332,49.59000015258789,50.5099983215332,42.86063003540039,13271800
2015-07-24,50.47999954223633,50.560001373291016,48.880001068115234,49.029998779296875,41.604759216308594,10960300
2015-07-27,48.880001068115234,49.36000061035156,48.470001220703125,49.029998779296875,41.604759216308594,9394200
2015-07-28,49.150001525878906,50.56999969482422,48.849998474121094,50.08000183105469,42.495750427246094,7636600
2015-07-29,49.720001220703125,50.20000076293945,49.18000030517578,49.959999084472656,42.683712005615234,6855300
2015-07-30,49.59000015258789,50.43000030517578,49.5,50.2400016784668,42.922935485839844,5629400
2015-07-31,50.380001068115234,50.380001068115234,49.810001373291016,49.97999954223633,42.70079803466797,7466900
2015-08-03,50.08000183105469,50.2400016784668,49.70000076293945,50.09000015258789,42.794776916503906,5325800
2015-08-04,50.18000030517578,50.369998931884766,49.380001068115234,49.84000015258789,42.58119583129883,5746600
2015-08-05,50.11000061035156,51.119998931884766,50.06999969482422,50.86000061035156,43.452632904052734,7238800
2015-08-06,50.7599983215332,50.90999984741211,49.84000015258789,50.25,42.93147659301758,6055900
2015-08-07,49.83000183105469,50.380001068115234,49.65999984741211,50.31999969482422,42.991275787353516,5324400
2015-08-10,52.2400016784668,52.45000076293945,51.04999923706055,52.08000183105469,44.49495315551758,10496600
2015-08-11,51.540000915527344,51.54999923706055,50.34000015258789,50.63999938964844,43.264678955078125,8013000
2015-08-12,50.189998626708984,51.36000061035156,49.79999923706055,51.11000061035156,43.66621398925781,7268100
2015-08-13,51.15999984741211,51.310001373291016,50.529998779296875,50.630001068115234,43.25613021850586,4007500
2015-08-14,50.5,50.84000015258789,50.060001373291016,50.63999938964844,43.264678955078125,4536700
2015-08-17,50.45000076293945,51.029998779296875,50.18000030517578,50.900001525878906,43.486812591552734,3364000
2015-08-18,50.459999084472656,50.77000045776367,49.66999816894531,49.90999984741211,42.640995025634766,6978500
2015-08-19,50.130001068115234,50.150001525878906,49.04999923706055,49.20000076293945,42.03439712524414,6906300
2015-08-20,48.650001525878906,48.779998779296875,47.369998931884766,47.43000030517578,40.522178649902344,10206500
2015-08-21,46.959999084472656,47.630001068115234,45.959999084472656,45.959999084472656,39.26626968383789,12109500
2015-08-24,45.02000045776367,47.040000915527344,43.75,44.88999938964844,38.352115631103516,15487000
2015-08-25,46.02000045776367,46.31999969482422,43.4900016784668,43.52000045776367,37.1816520690918,14458300
2015-08-26,44.83000183105469,45.470001220703125,43.75,45.40999984741211,38.7963752746582,19075800
2015-08-27,45.779998779296875,47.150001525878906,45.5,47.060001373291016,40.206077575683594,9822000
2015-08-28,46.84000015258789,48.0,46.5,47.9900016784668,41.0006217956543,8242700
2015-08-31,47.75,48.439998626708984,47.310001373291016,47.84000015258789,40.87248229980469,10145900
2015-09-01,46.400001525878906,47.56999969482422,46.0099983215332,46.34000015258789,39.5909423828125,13136100
2015-09-02,47.2400016784668,47.349998474121094,46.40999984741211,47.349998474121094,40.453826904296875,6012600
2015-09-03,47.66999816894531,48.02000045776367,47.279998779296875,47.459999084472656,40.54782485961914,5289100
2015-09-04,46.689998626708984,47.189998626708984,46.40999984741211,46.529998779296875,39.75326156616211,6603400
2015-09-08,47.630001068115234,48.7599983215332,47.540000915527344,48.689998626708984,41.59867477416992,7993000
2015-09-09,49.02000045776367,49.630001068115234,47.470001220703125,47.61000061035156,40.67596435546875,8250100
2015-09-10,47.36000061035156,47.959999084472656,46.900001525878906,47.40999984741211,40.50509262084961,8543100
2015-09-11,47.20000076293945,47.630001068115234,46.81999969482422,47.56999969482422,40.64179229736328,6567300
2015-09-14,47.869998931884766,48.0,47.54999923706055,47.83000183105469,40.86393737792969,4750800
2015-09-15,48.0,48.7400016784668,47.65999984741211,48.29999923706055,41.26548385620117,7104300
2015-09-16,48.33000183105469,48.77000045776367,47.79999923706055,48.70000076293945,41.60721969604492,4624500
2015-09-17,48.630001068115234,49.029998779296875,48.09000015258789,48.150001525878906,41.1373291015625,5693500
2015-09-18,47.75,48.63999938964844,47.099998474121094,47.79999923706055,40.83829879760742,17206500
2015-09-21,47.869998931884766,48.08000183105469,47.04999923706055,47.45000076293945,40.539276123046875,6105200
2015-09-22,46.68000030517578,46.9900016784668,46.279998779296875,46.61000061035156,39.82161331176758,6161600
2015-09-23,46.61000061035156,46.79999923706055,46.27000045776367,46.58000183105469,39.79598617553711,4335300
2015-09-24,46.16999816894531,46.91999816894531,45.33000183105469,46.75,39.941226959228516,8535000
2015-09-25,47.02000045776367,47.54999923706055,46.79999923706055,47.16999816894531,40.300045013427734,8924200
2015-09-28,47.04999923706055,47.439998626708984,46.880001068115234,46.95000076293945,40.11208724975586,10728200
2015-09-29,47.15999984741211,47.61000061035156,46.790000915527344,47.529998779296875,40.60762405395508,7413600
2015-09-30,48.09000015258789,49.54999923706055,47.91999816894531,49.52000045776367,42.30779266357422,9120400
2015-10-01,49.84000015258789,49.869998931884766,47.88999938964844,48.439998626708984,41.385093688964844,10007400
2015-10-02,47.779998779296875,48.790000915527344,47.119998931884766,48.77000045776367,41.66702651977539,8229700
2015-10-05,49.130001068115234,50.40999984741211,49.0,50.130001068115234,42.82894515991211,6812500
2015-10-06,50.130001068115234,50.63999938964844,49.22999954223633,50.459999084472656,43.11089324951172,5737000
2015-10-07,51.0,51.599998474121094,50.310001373291016,51.040000915527344,43.60641098022461,7065300
2015-10-08,50.68000030517578,51.540000915527344,50.36000061035156,51.52000045776367,44.016510009765625,6431500
2015-10-09,51.349998474121094,51.7599983215332,50.63999938964844,50.869998931884766,43.4611701965332,5720100
2015-10-12,50.72999954223633,51.41999816894531,50.560001373291016,51.34000015258789,43.86272048950195,4075300
2015-10-13,50.9900016784668,51.41999816894531,50.810001373291016,50.90999984741211,43.495357513427734,7162000
2015-10-14,51.11000061035156,53.150001525878906,51.029998779296875,52.650001525878906,44.981929779052734,10558500
2015-10-15,52.95000076293945,53.099998474121094,52.310001373291016,52.43000030517578,44.79397964477539,7153400
2015-10-16,52.290000915527344,52.65999984741211,52.0,52.56999969482422,44.91358184814453,5685300
2015-10-19,52.560001373291016,52.93000030517578,52.2400016784668,52.63999938964844,44.973388671875,5701700
2015-10-20,52.45000076293945,52.599998474121094,52.18000030517578,52.43000030517578,44.79397964477539,5666900
2015-10-21,52.58000183105469,53.18000030517578,51.810001373291016,51.900001525878906,44.34115982055664,8132900
2015-10-22,56.099998474121094,58.119998931884766,55.7400016784668,58.09000015258789,49.629638671875,21234200
2015-10-23,58.150001525878906,59.66999816894531,57.56999969482422,58.97999954223633,50.390018463134766,14490000
2015-10-26,58.900001525878906,59.22999954223633,58.400001525878906,58.810001373291016,50.24477767944336,7634500
2015-10-27,58.38999938964844,59.33000183105469,58.220001220703125,58.41999816894531,49.91157913208008,8420500
2015-10-28,58.52000045776367,58.779998779296875,57.189998626708984,58.66999816894531,50.453338623046875,14464600
2015-10-29,57.7400016784668,57.83000183105469,56.310001373291016,56.56999969482422,48.64745330810547,10108900
2015-10-30,56.9900016784668,57.0,56.400001525878906,56.720001220703125,48.77644729614258,7503400
2015-11-02,56.900001525878906,57.189998626708984,56.709999084472656,56.9900016784668,49.00864028930664,5492600
2015-11-03,56.9900016784668,57.43000030517578,56.810001373291016,57.150001525878906,49.146217346191406,4268400
2015-11-04,57.209999084472656,57.40999984741211,56.79999923706055,56.95000076293945,48.97422790527344,5096000
2015-11-05,57.0,57.7400016784668,56.83000183105469,57.400001525878906,49.3612060546875,5768400
2015-11-06,57.25,57.849998474121094,56.70000076293945,57.630001068115234,49.558998107910156,6387000
2015-11-09,57.22999954223633,57.650001525878906,56.86000061035156,57.209999084472656,49.197811126708984,4478200
2015-11-10,56.4900016784668,57.220001220703125,56.380001068115234,57.029998779296875,49.043025970458984,5058700
2015-11-11,57.470001220703125,58.5099983215332,57.040000915527344,57.599998474121094,49.5331916809082,6291800
2015-11-12,57.13999938964844,57.369998931884766,56.65999984741211,56.66999816894531,48.73344421386719,4894800
2015-11-13,56.66999816894531,57.119998931884766,56.0099983215332,56.130001068115234,48.269081115722656,5741700
2015-11-16,56.02000045776367,56.88999938964844,56.0,56.880001068115234,48.914039611816406,5995100
2015-11-17,56.900001525878906,57.47999954223633,56.75,57.06999969482422,49.07742691040039,4265800
2015-11-18,57.209999084472656,58.0099983215332,56.880001068115234,57.959999084472656,49.842777252197266,4029700
2015-11-19,58.099998474121094,58.290000915527344,57.5,57.95000076293945,49.834190368652344,4076200
2015-11-20,58.349998474121094,58.349998474121094,57.810001373291016,58.119998931884766,49.980369567871094,4252500
2015-11-23,58.20000076293945,58.25,57.310001373291016,57.349998474121094,49.31821060180664,4296800
2015-11-24,57.29999923706055,57.95000076293945,56.86000061035156,57.849998474121094,49.748191833496094,4655300
2015-11-25,57.849998474121094,57.86000061035156,57.22999954223633,57.27000045776367,49.24941635131836,3152600
2015-11-27,57.279998779296875,57.77000045776367,57.0099983215332,57.54999923706055,49.490203857421875,1509500
2015-11-30,57.619998931884766,58.34000015258789,57.5,58.119998931884766,49.980369567871094,5866600
2015-12-01,57.470001220703125,58.849998474121094,57.41999816894531,58.310001373291016,50.14376449584961,5016900
2015-12-02,58.20000076293945,58.33000183105469,57.439998626708984,57.54999923706055,49.490203857421875,5151500
2015-12-03,57.970001220703125,58.220001220703125,57.119998931884766,57.689998626708984,49.610595703125,9691600
2015-12-04,57.52000045776367,58.959999084472656,57.4900016784668,58.880001068115234,50.633941650390625,6414200
2015-12-07,58.79999923706055,58.83000183105469,58.11000061035156,58.349998474121094,50.17815017700195,3934500
2015-12-08,57.7599983215332,57.90999984741211,57.02000045776367,57.66999816894531,49.5933952331543,3670100
2015-12-09,57.5,57.66999816894531,56.290000915527344,56.7599983215332,48.81083679199219,4562000
2015-12-10,56.97999954223633,57.470001220703125,56.630001068115234,56.93000030517578,48.957035064697266,4317800
2015-12-11,56.13999938964844,56.7599983215332,56.099998474121094,56.209999084472656,48.337867736816406,5251300
2015-12-14,56.45000076293945,56.720001220703125,55.83000183105469,56.220001220703125,48.346458435058594,5082300
2015-12-15,57.29999923706055,57.939998626708984,56.849998474121094,57.54999923706055,49.490203857421875,7602400
2015-12-16,58.2599983215332,58.2599983215332,56.900001525878906,58.06999969482422,49.93737030029297,5920900
2015-12-17,58.189998626708984,58.22999954223633,56.5,56.529998779296875,48.61305618286133,6944300
2015-12-18,56.040000915527344,56.4900016784668,54.79999923706055,54.939998626708984,47.2457275390625,12025700
2015-12-21,55.349998474121094,55.83000183105469,54.93000030517578,55.81999969482422,48.00248718261719,4305600
2015-12-22,56.189998626708984,56.41999816894531,55.209999084472656,55.61000061035156,47.8218994140625,4412800
2015-12-23,56.060001373291016,56.709999084472656,55.16999816894531,56.70000076293945,48.759239196777344,5786200
2015-12-24,56.970001220703125,56.970001220703125,56.529998779296875,56.75,48.802242279052734,1681200
2015-12-28,56.40999984741211,56.66999816894531,55.77000045776367,56.41999816894531,48.51845932006836,2930100
2015-12-29,56.75,57.439998626708984,56.41999816894531,57.02000045776367,49.034423828125,2753100
2015-12-30,57.02000045776367,57.18000030517578,56.09000015258789,56.15999984741211,48.294864654541016,3010200
2015-12-31,56.04999923706055,56.29999923706055,54.810001373291016,54.810001373291016,47.13392639160156,6450100
2016-01-04,53.54999923706055,54.34000015258789,53.369998931884766,54.34000015258789,46.72974395751953,7915400
2016-01-05,54.27000045776367,54.470001220703125,53.54999923706055,53.77000045776367,46.23958969116211,6131900
2016-01-06,52.95000076293945,53.88999938964844,52.720001220703125,53.41999816894531,45.9385986328125,8520800
2016-01-07,52.38999938964844,52.95000076293945,51.369998931884766,51.70000076293945,44.45948028564453,10526700
2016-01-08,51.52000045776367,51.97999954223633,50.2400016784668,50.36000061035156,43.30714416503906,9620000
2016-01-11,50.83000183105469,51.5,50.47999954223633,51.209999084472656,44.03810501098633,7000500
2016-01-12,51.72999954223633,51.84000015258789,50.83000183105469,51.529998779296875,44.313289642333984,5075800
2016-01-13,51.52000045776367,51.810001373291016,49.79999923706055,49.81999969482422,42.842769622802734,6882200
2016-01-14,49.97999954223633,50.66999816894531,49.529998779296875,50.029998779296875,43.02336120605469,10440500
2016-01-15,47.88999938964844,48.689998626708984,46.72999954223633,48.029998779296875,41.303466796875,15871600
2016-01-19,48.619998931884766,48.93000030517578,47.810001373291016,48.220001220703125,41.466861724853516,9048800
2016-01-20,47.90999984741211,49.279998779296875,47.400001525878906,49.0099983215332,42.146209716796875,13430800
2016-01-21,49.65999984741211,50.86000061035156,49.0099983215332,49.83000183105469,42.851375579833984,10093900
2016-01-22,50.84000015258789,51.22999954223633,50.13999938964844,50.29999923706055,43.25555419921875,6335600
2016-01-25,50.349998474121094,51.0099983215332,50.0,50.08000183105469,43.06636047363281,7651300
2016-01-26,50.380001068115234,51.060001373291016,50.029998779296875,50.70000076293945,43.599544525146484,7710200
2016-01-27,50.40999984741211,51.56999969482422,49.970001220703125,50.66999816894531,43.573726654052734,9791200
2016-01-28,50.68000030517578,52.0,50.38999938964844,51.130001068115234,44.30155944824219,10033300
2016-01-29,51.31999969482422,52.939998626708984,50.9900016784668,52.93000030517578,45.86115646362305,10469100
2016-02-01,52.29999923706055,53.27000045776367,52.29999923706055,52.83000183105469,45.77451705932617,6336700
2016-02-02,52.119998931884766,52.5,50.63999938964844,50.63999938964844,43.87698745727539,9460500
2016-02-03,50.150001525878906,50.709999084472656,49.099998474121094,50.25,43.53908157348633,11309400
2016-02-04,50.459999084472656,51.619998931884766,50.0099983215332,51.2599983215332,44.4141845703125,9795800
2016-02-05,51.20000076293945,51.40999984741211,49.5099983215332,49.880001068115234,43.21849822998047,7929800
2016-02-08,49.2599983215332,51.22999954223633,49.099998474121094,50.900001525878906,44.10227584838867,15765600
2016-02-09,50.529998779296875,51.630001068115234,50.09000015258789,50.68000030517578,43.91164779663086,7321700
2016-02-10,51.33000183105469,51.70000076293945,50.59000015258789,50.75,43.97230911254883,7329600
2016-02-11,49.849998474121094,50.779998779296875,49.7400016784668,50.380001068115234,43.65171813964844,6121400
2016-02-12,51.060001373291016,51.400001525878906,49.9900016784668,51.13999938964844,44.310218811035156,8060600
2016-02-16,51.13999938964844,52.77000045776367,51.13999938964844,52.540000915527344,45.52324676513672,6567400
2016-02-17,52.959999084472656,53.720001220703125,52.72999954223633,53.689998626708984,46.5196533203125,6244700
2016-02-18,53.63999938964844,53.81999969482422,53.0,53.060001373291016,45.97379684448242,6004200
2016-02-19,52.83000183105469,52.939998626708984,52.40999984741211,52.7599983215332,45.713863372802734,6300700
2016-02-22,53.290000915527344,53.58000183105469,53.04999923706055,53.29999923706055,46.1817512512207,4350900
2016-02-23,53.029998779296875,53.369998931884766,52.119998931884766,52.2400016784668,45.26332092285156,3888500
2016-02-24,51.83000183105469,52.58000183105469,51.310001373291016,52.459999084472656,45.453922271728516,5341500
2016-02-25,52.810001373291016,53.11000061035156,51.86000061035156,53.11000061035156,46.017120361328125,3917500
2016-02-26,53.4900016784668,53.5,53.11000061035156,53.29999923706055,46.1817512512207,3533100
2016-02-29,53.400001525878906,53.83000183105469,52.970001220703125,53.02000045776367,45.93914031982422,4450400
2016-03-01,53.470001220703125,54.220001220703125,53.0,54.220001220703125,46.9788818359375,4958800
2016-03-02,54.34000015258789,54.630001068115234,53.97999954223633,54.41999816894531,47.152164459228516,4163600
2016-03-03,54.59000015258789,54.93000030517578,54.06999969482422,54.869998931884766,47.542083740234375,4045900
2016-03-04,55.0,55.27000045776367,54.400001525878906,54.88999938964844,47.55939865112305,4248100
2016-03-07,54.540000915527344,55.540000915527344,54.4900016784668,55.4900016784668,48.07926559448242,3747600
2016-03-08,54.9900016784668,55.150001525878906,54.41999816894531,54.529998779296875,47.24747848510742,4480600
2016-03-09,54.70000076293945,55.13999938964844,54.540000915527344,54.75,47.43809127807617,3641700
2016-03-10,55.45000076293945,55.63999938964844,54.619998931884766,55.4900016784668,48.07926559448242,4838400
2016-03-11,55.93000030517578,56.209999084472656,55.75,56.060001373291016,48.573143005371094,5031600
2016-03-14,55.79999923706055,56.0,55.2599983215332,55.61000061035156,48.18324279785156,3477200
2016-03-15,55.41999816894531,55.7400016784668,55.06999969482422,55.72999954223633,48.28722381591797,3407500
2016-03-16,55.70000076293945,56.279998779296875,55.349998474121094,56.13999938964844,48.64246368408203,3449900
2016-03-17,55.93000030517578,56.810001373291016,55.91999816894531,56.599998474121094,49.04103088378906,4530500
2016-03-18,56.790000915527344,57.25,56.52000045776367,57.09000015258789,49.46559143066406,7924900
2016-03-21,56.900001525878906,57.060001373291016,56.380001068115234,57.02000045776367,49.40493392944336,3085500
2016-03-22,56.7400016784668,57.20000076293945,56.52000045776367,56.900001525878906,49.300960540771484,3514900
2016-03-23,56.970001220703125,56.9900016784668,56.54999923706055,56.599998474121094,49.04103088378906,3220900
2016-03-24,56.4900016784668,56.72999954223633,56.189998626708984,56.70000076293945,49.12767791748047,2279600
2016-03-28,57.04999923706055,57.150001525878906,56.34000015258789,56.52000045776367,48.971710205078125,2240400
2016-03-29,56.459999084472656,57.5099983215332,56.08000183105469,57.40999984741211,49.74285125732422,4013800
2016-03-30,57.72999954223633,58.779998779296875,57.58000183105469,58.369998931884766,50.57464599609375,5026700
2016-03-31,58.119998931884766,58.209999084472656,57.369998931884766,57.41999816894531,49.75151824951172,5410400
2016-04-01,57.4900016784668,58.0,57.130001068115234,57.939998626708984,50.20207214355469,4542600
2016-04-04,57.790000915527344,58.0,57.560001373291016,57.720001220703125,50.0114631652832,3423700
2016-04-05,57.54999923706055,58.279998779296875,57.380001068115234,57.709999084472656,50.00278854370117,4455900
2016-04-06,57.59000015258789,58.369998931884766,57.25,58.36000061035156,50.56598663330078,3684300
2016-04-07,57.84000015258789,58.08000183105469,56.97999954223633,57.150001525878906,49.517574310302734,4228600
2016-04-08,57.56999969482422,58.08000183105469,57.56999969482422,57.88999938964844,50.15875244140625,3211100
2016-04-11,57.900001525878906,58.63999938964844,57.790000915527344,57.81999969482422,50.09809875488281,3663600
2016-04-12,57.81999969482422,58.66999816894531,57.43000030517578,58.439998626708984,50.635292053222656,4476600
2016-04-13,58.720001220703125,59.2599983215332,58.41999816894531,59.16999816894531,51.26780319213867,5053400
2016-04-14,58.77000045776367,59.27000045776367,58.130001068115234,59.220001220703125,51.311134338378906,4920100
2016-04-15,59.470001220703125,59.470001220703125,58.7599983215332,58.93000030517578,51.05986022949219,4690300
2016-04-18,58.63999938964844,59.06999969482422,58.619998931884766,58.95000076293945,51.07719802856445,4430700
2016-04-19,58.869998931884766,59.310001373291016,57.77000045776367,58.41999816894531,50.61797332763672,6246800
2016-04-20,58.59000015258789,59.470001220703125,58.11000061035156,59.04999923706055,51.16383361816406,4673400
2016-04-21,58.88999938964844,59.130001068115234,58.54999923706055,58.86000061035156,50.99920654296875,3376700
2016-04-22,58.810001373291016,59.599998474121094,58.439998626708984,58.68000030517578,50.84324645996094,5359900
2016-04-25,58.709999084472656,59.130001068115234,58.619998931884766,59.02000045776367,51.137840270996094,4670200
2016-04-26,59.150001525878906,59.93000030517578,59.06999969482422,59.400001525878906,51.46708679199219,3928800
2016-04-27,59.029998779296875,60.0,58.7599983215332,59.91999816894531,51.91764450073242,7123900
2016-04-28,60.0,60.599998474121094,58.4900016784668,58.689998626708984,51.17646026611328,9417800
2016-04-29,57.709999084472656,58.20000076293945,56.83000183105469,57.040000915527344,49.737701416015625,10774700
2016-05-02,57.29999923706055,57.959999084472656,56.95000076293945,57.849998474121094,50.443992614746094,6464200
2016-05-03,57.220001220703125,57.59000015258789,57.0,57.20000076293945,49.87721633911133,5696400
2016-05-04,56.95000076293945,57.20000076293945,56.33000183105469,56.43000030517578,49.205787658691406,5081900
2016-05-05,56.529998779296875,57.09000015258789,56.34000015258789,56.63999938964844,49.3889045715332,4078200
2016-05-06,56.2400016784668,57.29999923706055,56.189998626708984,57.20000076293945,49.87721633911133,8054500
2016-05-09,57.16999816894531,57.529998779296875,56.880001068115234,56.90999984741211,49.62434005737305,3773500
2016-05-10,57.119998931884766,57.65999984741211,56.790000915527344,57.630001068115234,50.252166748046875,4545600
2016-05-11,57.619998931884766,58.16999816894531,57.45000076293945,57.630001068115234,50.252166748046875,4494200
2016-05-12,57.790000915527344,58.0,56.58000183105469,57.15999984741211,49.84233093261719,5183200
2016-05-13,57.08000183105469,57.599998474121094,56.97999954223633,57.119998931884766,49.80745315551758,4062800
2016-05-16,57.459999084472656,58.5099983215332,57.27000045776367,58.02000045776367,50.59223937988281,4265300
2016-05-17,57.7400016784668,58.150001525878906,57.16999816894531,57.43000030517578,50.07777404785156,4713900
2016-05-18,57.22999954223633,58.5099983215332,57.18000030517578,58.0099983215332,50.5835075378418,4676900
2016-05-19,57.540000915527344,57.880001068115234,56.790000915527344,57.22999954223633,49.90336990356445,4326500
2016-05-20,57.4900016784668,58.83000183105469,57.470001220703125,58.529998779296875,51.036949157714844,6337000
2016-05-23,58.810001373291016,59.279998779296875,58.599998474121094,58.72999954223633,51.211341857910156,3690900
2016-05-24,58.9900016784668,60.18000030517578,58.97999954223633,60.09000015258789,52.39723205566406,4544700
2016-05-25,60.150001525878906,60.5099983215332,59.970001220703125,60.439998626708984,52.702415466308594,5785100
2016-05-26,60.349998474121094,60.81999969482422,60.150001525878906,60.77000045776367,52.990177154541016,3367000
2016-05-27,60.81999969482422,61.08000183105469,60.650001525878906,61.02000045776367,53.20817184448242,3807100
2016-05-31,61.02000045776367,61.209999084472656,60.290000915527344,60.599998474121094,52.84193801879883,6196400
2016-06-01,60.5099983215332,61.2400016784668,60.209999084472656,61.06999969482422,53.251773834228516,4011100
2016-06-02,60.84000015258789,60.93000030517578,60.43000030517578,60.7599983215332,52.98146057128906,3583300
2016-06-03,61.16999816894531,61.16999816894531,60.150001525878906,60.529998779296875,52.78089904785156,2749500
2016-06-06,60.68000030517578,61.470001220703125,60.54999923706055,61.290000915527344,53.44361114501953,8259200
2016-06-07,61.5,61.77000045776367,61.400001525878906,61.560001373291016,53.67903518676758,5021200
2016-06-08,61.599998474121094,62.290000915527344,61.59000015258789,62.08000183105469,54.132476806640625,4749700
2016-06-09,62.290000915527344,62.290000915527344,61.5099983215332,62.13999938964844,54.184783935546875,5285600
2016-06-10,61.40999984741211,62.18000030517578,61.31999969482422,61.90999984741211,53.98423767089844,7484700
2016-06-13,61.79999923706055,62.310001373291016,61.40999984741211,61.529998779296875,53.652889251708984,6697300
2016-06-14,61.529998779296875,62.11000061035156,61.209999084472656,61.900001525878906,53.975521087646484,5170300
2016-06-15,62.27000045776367,62.279998779296875,61.41999816894531,61.689998626708984,53.792396545410156,4943600
2016-06-16,61.38999938964844,62.130001068115234,61.09000015258789,62.060001373291016,54.11503219604492,3632600
2016-06-17,62.08000183105469,62.130001068115234,60.900001525878906,61.619998931884766,53.73135757446289,6101300
2016-06-20,62.43000030517578,62.59000015258789,61.959999084472656,62.0099983215332,54.0714225769043,4023600
2016-06-21,62.150001525878906,62.349998474121094,61.790000915527344,62.040000915527344,54.097591400146484,3462200
2016-06-22,62.33000183105469,62.529998779296875,61.93000030517578,62.060001373291016,54.11503219604492,4112700
2016-06-23,62.650001525878906,63.310001373291016,62.369998931884766,63.29999923706055,55.1962890625,3638100
2016-06-24,60.5099983215332,61.900001525878906,60.36000061035156,60.540000915527344,52.78962326049805,8505700
2016-06-27,59.869998931884766,60.0,58.61000061035156,59.06999969482422,51.507816314697266,7459800
2016-06-28,59.40999984741211,60.29999923706055,59.099998474121094,60.27000045776367,52.5541877746582,5163300
2016-06-29,60.70000076293945,61.310001373291016,60.400001525878906,61.25,53.40872573852539,6690500
2016-06-30,61.5099983215332,62.650001525878906,61.15999984741211,62.650001525878906,54.62950134277344,6632000
2016-07-01,62.33000183105469,62.439998626708984,61.88999938964844,62.11000061035156,54.15862274169922,4934500
2016-07-05,61.59000015258789,61.84000015258789,60.9900016784668,61.25,53.40872573852539,5538700
2016-07-06,60.9900016784668,61.349998474121094,60.459999084472656,61.060001373291016,53.24305725097656,6064100
2016-07-07,61.06999969482422,61.939998626708984,61.040000915527344,61.77000045776367,53.862152099609375,6876800
2016-07-08,62.290000915527344,63.279998779296875,62.04999923706055,63.27000045776367,55.170127868652344,5345300
2016-07-11,63.5,63.880001068115234,63.2599983215332,63.400001525878906,55.28349304199219,4533900
2016-07-12,63.77000045776367,64.41000366210938,63.72999954223633,64.37999725341797,56.138023376464844,5405100
2016-07-13,64.54000091552734,64.80000305175781,64.3499984741211,64.54000091552734,56.27754592895508,4068500
2016-07-14,65.0,65.22000122070312,64.7300033569336,64.80999755859375,56.512969970703125,3999900
2016-07-15,65.26000213623047,65.26000213623047,64.54000091552734,64.8499984741211,56.54785919189453,5952300
2016-07-18,64.8499984741211,65.5199966430664,64.8499984741211,65.19000244140625,56.84432601928711,3452500
2016-07-19,64.88999938964844,65.26000213623047,64.76000213623047,64.94000244140625,56.626338958740234,3065900
2016-07-20,65.31999969482422,65.68000030517578,65.0,65.44999694824219,57.071044921875,4744100
2016-07-21,65.38999938964844,65.5,64.80000305175781,64.91000366210938,56.60017013549805,5391700
2016-07-22,65.12999725341797,65.66999816894531,64.73999786376953,65.48999786376953,57.10590744018555,5555900
2016-07-25,65.5,66.22000122070312,65.31999969482422,66.22000122070312,57.742462158203125,9945900
2016-07-26,70.6500015258789,72.58000183105469,69.93000030517578,71.41999816894531,62.276756286621094,22033100
2016-07-27,70.9800033569336,71.56999969482422,70.16000366210938,71.2699966430664,62.14595031738281,13973400
2016-07-28,70.62999725341797,70.80999755859375,69.83000183105469,70.2300033569336,61.56737518310547,9143200
2016-07-29,70.31999969482422,70.47000122070312,69.62999725341797,69.75,61.14657974243164,7963100
2016-08-01,69.83000183105469,70.26000213623047,69.5199966430664,69.87999725341797,61.26052474975586,5983000
2016-08-02,69.69000244140625,69.87999725341797,68.44000244140625,68.8499984741211,60.35759353637695,6391300
2016-08-03,68.83999633789062,69.08999633789062,68.51000213623047,68.87999725341797,60.38389587402344,4231800
2016-08-04,69.5,69.70999908447266,68.54000091552734,69.61000061035156,61.02383804321289,4382100
2016-08-05,70.0,70.20999908447266,69.70999908447266,70.1500015258789,61.497222900390625,4547400
2016-08-08,70.02999877929688,70.31999969482422,69.98999786376953,70.13999938964844,61.48845672607422,4865900
2016-08-09,70.41999816894531,70.8499984741211,70.16999816894531,70.25,61.58489990234375,3434300
2016-08-10,70.2300033569336,70.30999755859375,69.80999755859375,69.88999938964844,61.26930236816406,5012500
2016-08-11,70.0,70.19999694824219,69.7699966430664,70.0,61.36573791503906,3002900
2016-08-12,70.0,70.22000122070312,69.77999877929688,69.83999633789062,61.225460052490234,3445000
2016-08-15,70.19000244140625,70.69999694824219,69.93000030517578,70.33000183105469,61.655025482177734,4148800
2016-08-16,70.08999633789062,70.33000183105469,69.81999969482422,69.81999969482422,61.207942962646484,3682600
2016-08-17,69.91999816894531,70.0199966430664,69.54000091552734,69.81999969482422,61.207942962646484,5914700
2016-08-18,69.9800033569336,70.16999816894531,69.79000091552734,70.12999725341797,61.479705810546875,3816700
2016-08-19,70.12000274658203,70.54000091552734,69.94000244140625,70.2699966430664,61.60243606567383,3482000
2016-08-22,70.3499984741211,70.61000061035156,69.83999633789062,70.0,61.36573791503906,4361400
2016-08-23,70.41999816894531,70.54000091552734,69.93000030517578,69.9800033569336,61.348201751708984,4779200
2016-08-24,70.11000061035156,70.22000122070312,69.70999908447266,69.9000015258789,61.278076171875,3749300
2016-08-25,69.9000015258789,70.05999755859375,69.69999694824219,69.81999969482422,61.207942962646484,3044900
2016-08-26,69.98999786376953,70.3499984741211,69.4000015258789,69.75,61.14657974243164,4160900
2016-08-29,69.9000015258789,70.37000274658203,69.8499984741211,69.9800033569336,61.348201751708984,3669100
2016-08-30,70.0,70.19999694824219,69.08999633789062,69.30999755859375,60.760833740234375,4382800
2016-08-31,69.36000061035156,69.61000061035156,69.2300033569336,69.54000091552734,60.96247100830078,3870200
2016-09-01,68.77999877929688,69.79000091552734,68.30000305175781,69.69999694824219,61.10273742675781,4536000
2016-09-02,70.0199966430664,70.0999984741211,69.26000213623047,69.68000030517578,61.085201263427734,4584200
2016-09-06,69.93000030517578,70.02999877929688,69.26000213623047,69.79000091552734,61.18164825439453,3870300
2016-09-07,69.75,70.0,69.26000213623047,69.48999786376953,60.91864776611328,4214100
2016-09-08,69.23999786376953,69.41000366210938,68.69999694824219,68.98999786376953,60.48030471801758,4151600
2016-09-09,68.19000244140625,68.41999816894531,66.66999816894531,66.66999816894531,58.44647979736328,6995600
2016-09-12,66.30999755859375,68.0199966430664,66.30000305175781,67.94000244140625,59.55982971191406,6049900
2016-09-13,68.01000213623047,68.55000305175781,67.2699966430664,67.44999694824219,59.1302604675293,5472600
2016-09-14,67.45999908447266,68.06999969482422,67.22000122070312,67.79000091552734,59.4283332824707,4011500
2016-09-15,67.80000305175781,69.36000061035156,67.5999984741211,69.22000122070312,60.681949615478516,6257900
2016-09-16,69.97000122070312,69.97000122070312,68.4800033569336,69.36000061035156,60.80466842651367,6506200
2016-09-19,69.83000183105469,70.29000091552734,69.29000091552734,69.54000091552734,60.96247100830078,4100600
2016-09-20,69.7699966430664,69.9000015258789,69.01000213623047,69.18000030517578,60.64689636230469,3026700
2016-09-21,69.41000366210938,69.70999908447266,68.83000183105469,69.55999755859375,60.980010986328125,4202100
2016-09-22,70.01000213623047,70.12999725341797,69.47000122070312,69.76000213623047,61.155364990234375,3566300
2016-09-23,70.0,70.0,68.9800033569336,68.9800033569336,60.4715576171875,3088100
2016-09-26,68.55000305175781,68.7699966430664,68.12999725341797,68.41999816894531,59.980628967285156,3475600
2016-09-27,68.38999938964844,69.47000122070312,68.08000183105469,69.44999694824219,60.88356399536133,4560200
2016-09-28,69.4000015258789,69.77999877929688,69.22000122070312,69.73999786376953,61.13779830932617,3241300
2016-09-29,69.62999725341797,70.27999877929688,69.22000122070312,69.83999633789062,61.225460052490234,4337900
2016-09-30,69.94999694824219,70.58000183105469,69.83999633789062,70.18000030517578,61.52352523803711,5071000
2016-10-03,70.08000183105469,70.26000213623047,69.47000122070312,69.66000366210938,61.06767272949219,3627800
2016-10-04,69.66000366210938,69.91000366210938,69.0999984741211,69.58999633789062,61.00630187988281,4089500
2016-10-05,69.8499984741211,70.83999633789062,69.01000213623047,70.5999984741211,61.89173889160156,4789600
2016-10-06,70.44000244140625,71.0,70.02999877929688,70.95999908447266,62.207332611083984,4061500
2016-10-07,71.0,71.05999755859375,70.44999694824219,70.87000274658203,62.1284294128418,3673600
2016-10-10,71.08000183105469,71.33000183105469,69.9000015258789,69.93000030517578,61.304378509521484,4893200
2016-10-11,69.93000030517578,69.97000122070312,68.05999755859375,68.76000213623047,60.278690338134766,5204400
2016-10-12,68.83000183105469,68.83000183105469,67.98999786376953,68.45999908447266,60.01568603515625,3563900
2016-10-13,67.91000366210938,67.95999908447266,67.05999755859375,67.7699966430664,59.41080856323242,3897700
2016-10-14,68.2699966430664,69.22000122070312,68.20999908447266,68.48999786376953,60.041988372802734,4329300
2016-10-17,68.5,68.98999786376953,68.37000274658203,68.41999816894531,59.980628967285156,2620900
2016-10-18,69.86000061035156,69.93000030517578,69.16999816894531,69.25,60.708248138427734,3590700
2016-10-19,68.88999938964844,69.61000061035156,68.5999984741211,69.48999786376953,60.91864776611328,5530800
2016-10-20,69.41999816894531,70.05000305175781,68.7699966430664,69.75,61.14657974243164,3850400
2016-10-21,69.41000366210938,70.04000091552734,68.80000305175781,69.97000122070312,61.33944320678711,7027500
2016-10-24,70.26000213623047,71.73999786376953,70.2300033569336,71.68000030517578,62.838523864746094,5888000
2016-10-25,71.56999969482422,71.8499984741211,71.08000183105469,71.19999694824219,62.41770935058594,4614200
2016-10-26,71.0,71.94000244140625,70.7699966430664,71.70999908447266,62.86480712890625,8151000
2016-10-27,71.4000015258789,72.18000030517578,70.41000366210938,70.7300033569336,62.00569534301758,9627000
2016-10-28,70.95999908447266,71.69000244140625,70.5199966430664,70.80000305175781,62.06705856323242,6360100
2016-10-31,71.30999755859375,71.44000244140625,70.80000305175781,70.8499984741211,62.110897064208984,5411400
2016-11-01,71.12999725341797,71.12999725341797,68.91999816894531,69.44000244140625,60.87480545043945,7375300
2016-11-02,69.56999969482422,69.94999694824219,68.72000122070312,68.83999633789062,60.34881591796875,6516800
2016-11-03,68.69999694824219,68.72000122070312,67.52999877929688,67.9000015258789,59.96026611328125,6723600
2016-11-04,66.87999725341797,68.0,66.80000305175781,67.5999984741211,59.695343017578125,6056300
2016-11-07,68.83000183105469,69.4800033569336,68.29000091552734,69.01000213623047,60.94047164916992,5751100
2016-11-08,69.01000213623047,69.97000122070312,68.94999694824219,69.83000183105469,61.664588928222656,5409600
2016-11-09,67.80000305175781,69.94999694824219,67.5999984741211,69.79000091552734,61.6292724609375,5697800
2016-11-10,70.0,70.72000122070312,68.12999725341797,69.13999938964844,61.05527114868164,7190600
2016-11-11,69.0199966430664,70.05999755859375,69.0,69.8499984741211,61.6822509765625,4974900
2016-11-14,70.13999938964844,70.3499984741211,69.63999938964844,70.0199966430664,61.8323860168457,6493000
2016-11-15,70.19999694824219,71.36000061035156,70.05000305175781,71.02999877929688,62.72426223754883,4736500
2016-11-16,71.01000213623047,71.30000305175781,70.55999755859375,71.19999694824219,62.87438201904297,4880400
2016-11-17,71.16999816894531,72.27999877929688,70.62999725341797,72.08000183105469,63.6514892578125,3773800
2016-11-18,71.83999633789062,73.1500015258789,71.75,72.5999984741211,64.1106948852539,5484200
2016-11-21,72.75,73.7300033569336,72.69999694824219,73.68000030517578,65.06439208984375,5447000
2016-11-22,74.08999633789062,74.63999938964844,74.02999877929688,74.4000015258789,65.70020294189453,6824100
2016-11-23,74.37999725341797,74.55000305175781,73.91999816894531,74.05999755859375,65.39996337890625,3995500
2016-11-25,73.87000274658203,74.61000061035156,73.7300033569336,74.43000030517578,65.7267074584961,1978800
2016-11-28,74.29000091552734,74.88999938964844,74.04000091552734,74.52999877929688,65.81497955322266,4512000
2016-11-29,74.66000366210938,75.25,74.2300033569336,74.4000015258789,65.70020294189453,6347000
2016-11-30,74.66999816894531,74.69000244140625,73.93000030517578,73.93000030517578,65.28516387939453,6768200
2016-12-01,73.87999725341797,73.91000366210938,69.95999908447266,70.41000366210938,62.1767578125,9631100
2016-12-02,69.98999786376953,71.16000366210938,69.91999816894531,70.72000122070312,62.45051193237305,5946400
2016-12-05,71.33999633789062,71.52999877929688,70.37999725341797,70.51000213623047,62.265071868896484,6405100
2016-12-06,71.11000061035156,71.38999938964844,70.61000061035156,71.37000274658203,63.024505615234375,7039800
2016-12-07,71.5,72.43000030517578,71.12000274658203,72.19999694824219,63.75746154785156,6045900
2016-12-08,72.31999969482422,72.58000183105469,71.87999725341797,72.12999725341797,63.69562530517578,5473600
2016-12-09,72.3499984741211,72.6500015258789,71.55999755859375,71.98999786376953,63.57200622558594,6101200
2016-12-12,71.88999938964844,71.93000030517578,71.19000244140625,71.7300033569336,63.34242248535156,3340600
2016-12-13,71.94999694824219,73.5999984741211,71.7699966430664,73.19999694824219,64.6405258178711,6950900
2016-12-14,73.55000305175781,73.69999694824219,72.4000015258789,72.5,64.02237701416016,6474100
2016-12-15,72.7300033569336,73.58999633789062,72.44999694824219,73.44999694824219,64.86128234863281,5079500
2016-12-16,73.36000061035156,73.75,72.68000030517578,72.88999938964844,64.36677551269531,6478700
2016-12-19,73.11000061035156,74.08000183105469,72.95999908447266,73.56999969482422,64.9672622680664,3818000
2016-12-20,73.93000030517578,74.19000244140625,73.5999984741211,74.04000091552734,65.3823013305664,3182000
2016-12-21,74.22000122070312,74.72000122070312,74.13999938964844,74.16999816894531,65.49710083007812,4272200
2016-12-22,74.25,74.31999969482422,73.75,74.19999694824219,65.52359771728516,3470700
2016-12-23,74.11000061035156,74.38999938964844,74.0,74.37999725341797,65.68253326416016,1690800
2016-12-27,74.41999816894531,75.1500015258789,74.16000366210938,74.87000274658203,66.11524963378906,2037200
2016-12-28,74.95999908447266,75.05000305175781,73.9800033569336,74.05000305175781,65.39112854003906,2683400
2016-12-29,73.83999633789062,74.4000015258789,73.80000305175781,74.1500015258789,65.47945404052734,3292600
2016-12-30,74.43000030517578,74.45999908447266,72.7699966430664,72.97000122070312,64.43743133544922,4311800
2017-01-03,73.52999877929688,74.30999755859375,73.05000305175781,73.58000183105469,64.97608947753906,4847900
2017-01-04,73.6500015258789,73.97000122070312,73.25,73.48999786376953,64.89661407470703,4507100
2017-01-05,73.29000091552734,73.69999694824219,72.88999938964844,72.91999816894531,64.39326477050781,4301100
2017-01-06,72.87999725341797,74.27999877929688,72.47000122070312,74.1500015258789,65.47945404052734,5244600
2017-01-09,74.51000213623047,75.22000122070312,74.16999816894531,74.33999633789062,65.64722442626953,4782900
2017-01-10,74.62000274658203,74.83000183105469,74.05999755859375,74.5999984741211,65.8768310546875,3712500
2017-01-11,74.63999938964844,75.19999694824219,74.45999908447266,75.19999694824219,66.40664672851562,4361400
2017-01-12,75.0,75.13999938964844,74.08999633789062,74.8499984741211,66.09757995605469,4408200
2017-01-13,74.83000183105469,75.30000305175781,74.7300033569336,75.0,66.23004150390625,3372500
2017-01-17,74.66999816894531,74.94999694824219,74.29000091552734,74.48999786376953,65.77967071533203,4413100
2017-01-18,74.7300033569336,74.83999633789062,74.25,74.37999725341797,65.68253326416016,5531400
2017-01-19,74.22000122070312,74.80999755859375,73.87000274658203,73.87999725341797,65.24102020263672,4468500
2017-01-20,74.16000366210938,74.88999938964844,74.16000366210938,74.75,66.00929260253906,6661400
2017-01-23,74.80000305175781,75.73999786376953,74.63999938964844,75.7300033569336,66.87469482421875,6895100
2017-01-24,76.19000244140625,77.31999969482422,75.91000366210938,77.08000183105469,68.06682586669922,8561600
2017-01-25,77.72000122070312,78.72000122070312,77.19000244140625,78.58000183105469,69.39142608642578,8112800
2017-01-26,78.0199966430664,79.47000122070312,78.01000213623047,79.26000213623047,69.99191284179688,8991500
2017-01-27,79.05999755859375,79.44999694824219,77.73999786376953,78.02999877929688,69.34318542480469,9737300
2017-01-30,77.5199966430664,78.08000183105469,77.3499984741211,77.9000015258789,69.22767639160156,8355200
2017-01-31,77.4000015258789,77.54000091552734,75.25,75.54000091552734,67.1303939819336,11129400
2017-02-01,76.05999755859375,76.87000274658203,75.86000061035156,76.2699966430664,67.77912902832031,7815800
2017-02-02,75.61000061035156,76.0999984741211,75.33999633789062,75.88999938964844,67.44141387939453,4434500
2017-02-03,76.29000091552734,76.55999755859375,76.02999877929688,76.5,67.98351287841797,4547000
2017-02-06,76.37999725341797,76.47000122070312,75.8499984741211,76.22000122070312,67.73468017578125,4633000
2017-02-07,76.37000274658203,76.75,76.04000091552734,76.18000030517578,67.69913482666016,4500900
2017-02-08,76.48999786376953,76.55000305175781,75.91999816894531,75.94999694824219,67.4947280883789,5864700
2017-02-09,76.30000305175781,76.3499984741211,75.2699966430664,75.30000305175781,66.9171142578125,6950500
2017-02-10,75.62000274658203,75.66000366210938,74.5199966430664,75.16000366210938,66.79269409179688,6289400
2017-02-13,75.52999877929688,75.73999786376953,75.38999938964844,75.5199966430664,67.11261749267578,5466200
2017-02-14,75.45999908447266,75.63999938964844,75.30000305175781,75.63999938964844,67.2192611694336,3999800
2017-02-15,75.6500015258789,75.80999755859375,74.93000030517578,75.66999816894531,67.24591827392578,5731500
2017-02-16,75.80000305175781,76.31999969482422,75.5199966430664,76.25,67.76134490966797,4882000
2017-02-17,76.11000061035156,76.44000244140625,75.66000366210938,76.44000244140625,67.93019104003906,3955300
2017-02-21,76.79000091552734,77.12999725341797,76.58999633789062,77.08000183105469,68.49894714355469,5104700
2017-02-22,77.19999694824219,77.27999877929688,76.80000305175781,77.2300033569336,68.63225555419922,4056600
2017-02-23,77.2300033569336,77.37999725341797,76.69000244140625,77.13999938964844,68.55226135253906,4921700
2017-02-24,76.94000244140625,77.23999786376953,76.4000015258789,77.23999786376953,68.64112854003906,3516600
2017-02-27,77.30999755859375,77.33999633789062,76.76000213623047,77.19000244140625,68.59669494628906,3055400
2017-02-28,77.05999755859375,77.16999816894531,76.45999908447266,76.62000274658203,68.09014892578125,4770500
2017-03-01,77.12999725341797,78.18000030517578,76.68000030517578,78.1500015258789,69.44981384277344,5332500
2017-03-02,78.36000061035156,78.76000213623047,77.94000244140625,78.08000183105469,69.38761138916016,7605500
2017-03-03,78.19999694824219,78.19999694824219,77.45999908447266,77.86000061035156,69.19210815429688,3994800
2017-03-06,77.69000244140625,78.45999908447266,77.4000015258789,78.30999755859375,69.59201049804688,4066400
2017-03-07,78.3499984741211,80.37000274658203,78.20999908447266,79.12000274658203,70.31183624267578,10556800
2017-03-08,79.44000244140625,79.94000244140625,79.16000366210938,79.33999633789062,70.5073471069336,5386500
2017-03-09,79.48999786376953,79.79000091552734,78.80000305175781,79.12999725341797,70.32073974609375,4255400
2017-03-10,79.72000122070312,80.62999725341797,79.30000305175781,80.33000183105469,71.38713073730469,5118200
2017-03-13,80.31999969482422,81.08999633789062,80.18000030517578,81.0199966430664,72.00032043457031,6082600
2017-03-14,80.94999694824219,81.20999908447266,80.62000274658203,81.08999633789062,72.06251525878906,4271400
2017-03-15,81.41999816894531,81.94999694824219,80.95999908447266,81.81999969482422,72.71125030517578,3668800
2017-03-16,81.98999786376953,82.18000030517578,81.37999725341797,81.70999908447266,72.6135025024414,4195600
2017-03-17,82.23999786376953,82.44000244140625,81.44000244140625,82.19999694824219,73.04894256591797,9231700
2017-03-20,81.98999786376953,82.2699966430664,81.54000091552734,81.58999633789062,72.50686645507812,4383000
2017-03-21,81.93000030517578,82.08000183105469,79.66999816894531,79.75,70.87169647216797,6221000
2017-03-22,80.08999633789062,80.79000091552734,79.58000183105469,80.69000244140625,71.70706939697266,4307300
2017-03-23,80.69000244140625,81.04000091552734,80.2300033569336,80.66999816894531,71.68930053710938,3335200
2017-03-24,81.91999816894531,82.05000305175781,80.43000030517578,80.58999633789062,71.6181640625,4100300
2017-03-27,79.94999694824219,80.81999969482422,79.70999908447266,80.52999877929688,71.56488037109375,3260800
2017-03-28,80.30000305175781,80.98999786376953,80.22000122070312,80.61000061035156,71.63594818115234,3577900
2017-03-29,80.3499984741211,80.66000366210938,80.26000213623047,80.48999786376953,71.52932739257812,2811600
2017-03-30,80.2300033569336,81.08000183105469,80.2300033569336,81.04000091552734,72.0180892944336,3372800
2017-03-31,80.79000091552734,81.1500015258789,80.54000091552734,80.55999755859375,71.59153747558594,3760900
2017-04-03,80.87000274658203,81.5,79.79000091552734,80.36000061035156,71.41380310058594,4563900
2017-04-04,80.11000061035156,80.66999816894531,80.11000061035156,80.5999984741211,71.62706756591797,2761500
2017-04-05,80.5999984741211,81.18000030517578,79.9800033569336,80.08000183105469,71.16497039794922,3547900
2017-04-06,79.9800033569336,80.37000274658203,79.4000015258789,80.0999984741211,71.1827392578125,4177700
2017-04-07,80.30000305175781,80.91999816894531,80.08000183105469,80.52999877929688,71.56488037109375,2686800
2017-04-10,80.41999816894531,80.76000213623047,79.91999816894531,80.12999725341797,71.20940399169922,3314700
2017-04-11,79.87999725341797,79.87999725341797,78.19999694824219,79.41000366210938,70.56954193115234,5321300
2017-04-12,79.4800033569336,79.68000030517578,78.19999694824219,78.4800033569336,69.74308776855469,6335000
2017-04-13,78.47000122070312,79.33000183105469,77.83000183105469,77.83999633789062,69.17432403564453,4658300
2017-04-17,78.30000305175781,78.75,78.12000274658203,78.72000122070312,69.95636749267578,4462400
2017-04-18,78.51000213623047,79.83999633789062,78.3499984741211,79.61000061035156,70.7472915649414,4528900
2017-04-19,79.95999908447266,80.66000366210938,79.27999877929688,79.37000274658203,70.53400421142578,4673700
2017-04-20,79.72000122070312,80.88999938964844,79.51000213623047,80.76000213623047,71.7692642211914,3586300
2017-04-21,79.58000183105469,80.41000366210938,79.23999786376953,79.80999755859375,70.92503356933594,6314400
2017-04-24,81.0199966430664,81.51000213623047,80.8499984741211,81.08000183105469,72.05365753173828,5129200
2017-04-25,81.30000305175781,82.43000030517578,81.11000061035156,82.36000061035156,73.19114685058594,7604100
2017-04-26,82.16999816894531,82.91999816894531,80.79000091552734,81.11000061035156,72.08029174804688,6763900
2017-04-27,80.75,81.2699966430664,80.36000061035156,80.80000305175781,72.25019836425781,5762500
2017-04-28,81.04000091552734,81.04000091552734,78.6500015258789,79.18000030517578,70.80162811279297,10521800
2017-05-01,79.25,79.5,78.4000015258789,79.29000091552734,70.89998626708984,5065500
2017-05-02,79.16000366210938,79.41000366210938,78.79000091552734,79.25,70.86420440673828,6234500
2017-05-03,79.19999694824219,79.93000030517578,79.0,79.7699966430664,71.32918548583984,4665000
2017-05-04,79.9800033569336,80.02999877929688,79.08000183105469,79.30000305175781,70.9089126586914,3241300
2017-05-05,79.44999694824219,79.63999938964844,79.13999938964844,79.62999725341797,71.2040023803711,3653900
2017-05-08,79.69999694824219,79.81999969482422,79.36000061035156,79.45999908447266,71.0519790649414,2776600
2017-05-09,79.37999725341797,79.83000183105469,79.2699966430664,79.44999694824219,71.04305267333984,4433900
2017-05-10,79.9800033569336,80.66999816894531,79.7699966430664,80.48999786376953,71.97299194335938,5180400
2017-05-11,80.19999694824219,80.68000030517578,79.6500015258789,80.4000015258789,71.89251708984375,3168400
2017-05-12,80.7699966430664,80.7699966430664,80.27999877929688,80.69000244140625,72.15184020996094,2648900
2017-05-15,80.6500015258789,81.62000274658203,80.45999908447266,81.55000305175781,72.92082214355469,3596100
2017-05-16,81.87999725341797,82.31999969482422,81.44999694824219,82.2699966430664,73.56464385986328,3918500
2017-05-17,81.54000091552734,82.05999755859375,78.61000061035156,78.68000030517578,70.35453033447266,6401800
2017-05-18,78.91999816894531,79.69000244140625,78.41999816894531,79.2300033569336,70.84634399414062,4930900
2017-05-19,79.38999938964844,81.04000091552734,79.30000305175781,80.30000305175781,71.80308532714844,7506600
2017-05-22,80.4800033569336,80.93000030517578,80.05000305175781,80.37000274658203,71.86568450927734,3672100
2017-05-23,80.5,80.55000305175781,79.44999694824219,79.69000244140625,71.25765228271484,3683700
2017-05-24,80.30000305175781,80.30000305175781,79.73999786376953,80.05000305175781,71.57955169677734,3671500
2017-05-25,80.48999786376953,80.98999786376953,79.9800033569336,80.79000091552734,72.24126434326172,3226100
2017-05-26,80.86000061035156,81.18000030517578,80.31999969482422,81.12000274658203,72.53633880615234,2812200
2017-05-30,81.0,82.19999694824219,81.0,81.97000122070312,73.29640197753906,3258100
2017-05-31,82.19999694824219,83.23999786376953,82.18000030517578,82.48999786376953,73.7613754272461,6503900
2017-06-01,82.61000061035156,82.86000061035156,81.22000122070312,81.48999786376953,72.8671875,4320100
2017-06-02,81.95999908447266,81.97000122070312,80.86000061035156,81.62999725341797,72.99236297607422,4725900
2017-06-05,81.66000366210938,82.37999725341797,81.66000366210938,81.88999938964844,73.22486114501953,2589900
2017-06-06,81.6500015258789,82.87999725341797,81.51000213623047,82.22000122070312,73.51993560791016,3279300
2017-06-07,82.80000305175781,83.43000030517578,82.29000091552734,82.88999938964844,74.11903381347656,3763000
2017-06-08,83.19999694824219,84.36000061035156,82.62000274658203,84.33999633789062,75.41560363769531,4410200
2017-06-09,84.2300033569336,84.6500015258789,79.94000244140625,80.9000015258789,72.33961486816406,6815700
2017-06-12,79.81999969482422,81.31999969482422,79.66999816894531,81.05000305175781,72.47374725341797,6746200
2017-06-13,81.41000366210938,81.80000305175781,80.5999984741211,80.98999786376953,72.42010498046875,4324800
2017-06-14,81.26000213623047,81.48999786376953,79.44000244140625,80.16000366210938,71.67790985107422,3944200
2017-06-15,79.3499984741211,80.4000015258789,79.22000122070312,80.08000183105469,71.60639190673828,3061900
2017-06-16,79.8499984741211,80.2300033569336,79.0199966430664,79.69999694824219,71.26659393310547,6246800
2017-06-19,80.37000274658203,81.44999694824219,80.27999877929688,81.41999816894531,72.8045883178711,3569100
2017-06-20,81.16000366210938,81.2300033569336,79.54000091552734,79.56999969482422,71.15035247802734,3831300
2017-06-21,79.69999694824219,79.91999816894531,79.2300033569336,79.66999816894531,71.2397689819336,4318600
2017-06-22,79.94999694824219,80.05000305175781,78.94999694824219,79.05000305175781,70.68538665771484,3327400
2017-06-23,79.05999755859375,80.0199966430664,78.63999938964844,79.58000183105469,71.1592788696289,4052600
2017-06-26,80.04000091552734,80.08999633789062,78.23999786376953,78.30999755859375,70.0236587524414,4913100
2017-06-27,78.0,78.2699966430664,76.94000244140625,76.94999694824219,68.80757141113281,5797000
2017-06-28,77.61000061035156,78.20999908447266,76.94999694824219,78.05999755859375,69.80014038085938,6362100
2017-06-29,77.5,77.93000030517578,75.91999816894531,76.9000015258789,68.76288604736328,6644600
2017-06-30,77.69000244140625,77.69000244140625,76.61000061035156,76.93000030517578,68.78971099853516,4696100
2017-07-03,77.44999694824219,77.63999938964844,76.4000015258789,76.41000366210938,68.32471466064453,3494200
2017-07-05,76.62999725341797,77.51000213623047,76.23999786376953,76.91000366210938,68.77181243896484,6680800
2017-07-06,76.19000244140625,77.69000244140625,76.19000244140625,76.86000061035156,68.72709655761719,5047000
2017-07-07,77.30999755859375,78.66000366210938,77.30999755859375,78.4800033569336,70.1756820678711,5342900
2017-07-10,78.43000030517578,79.08999633789062,77.93000030517578,78.77999877929688,70.44393920898438,3611500
2017-07-11,78.77999877929688,79.1500015258789,78.27999877929688,79.04000091552734,70.67642211914062,2729200
2017-07-12,79.45999908447266,80.54000091552734,79.45999908447266,80.5199966430664,71.99982452392578,3891700
2017-07-13,80.41000366210938,80.9800033569336,80.2699966430664,80.54000091552734,72.01770782470703,3372800
2017-07-14,80.94999694824219,82.11000061035156,80.8499984741211,82.0,73.3232192993164,3654700
2017-07-17,81.81999969482422,82.0,81.4800033569336,81.66000366210938,73.01920318603516,2972700
2017-07-18,81.5,82.20999908447266,81.1500015258789,82.16000366210938,73.46629333496094,2773500
2017-07-19,82.48999786376953,82.69999694824219,81.86000061035156,82.16000366210938,73.46629333496094,3133500
2017-07-20,82.19999694824219,82.80999755859375,81.86000061035156,82.69000244140625,73.9402084350586,3766700
2017-07-21,81.45999908447266,82.0,81.0,81.69999694824219,73.0549545288086,4597600
2017-07-24,81.86000061035156,81.87000274658203,80.5999984741211,80.91999816894531,72.35749053955078,4350900
2017-07-25,81.05000305175781,81.93000030517578,80.58000183105469,81.38999938964844,72.77777099609375,6439700
2017-07-26,83.0,84.23999786376953,81.95999908447266,82.52999877929688,73.7971420288086,6983000
2017-07-27,82.12999725341797,82.52999877929688,80.08999633789062,80.97000122070312,72.8435287475586,7152200
2017-07-28,80.41999816894531,81.04000091552734,80.05000305175781,80.70999908447266,72.609619140625,5228000
2017-07-31,80.83000183105469,81.66000366210938,80.77999877929688,81.37999725341797,73.21234893798828,5954600
2017-08-01,81.5999984741211,81.83999633789062,81.0199966430664,81.70999908447266,73.50924682617188,3366100
2017-08-02,82.01000213623047,82.01000213623047,80.63999938964844,81.30999755859375,73.14939880371094,3179800
2017-08-03,81.30000305175781,81.7300033569336,80.97000122070312,81.36000061035156,73.19439697265625,2748500
2017-08-04,81.62999725341797,81.95999908447266,81.25,81.43000030517578,73.25736236572266,2325200
2017-08-07,81.44000244140625,82.19999694824219,81.44000244140625,82.16999816894531,73.92308044433594,2827700
2017-08-08,81.98999786376953,83.69000244140625,81.88999938964844,82.44999694824219,74.17498779296875,7184600
2017-08-09,81.97000122070312,82.30999755859375,81.37999725341797,82.27999877929688,74.02202606201172,4274000
2017-08-10,81.80000305175781,82.0,80.27999877929688,80.36000061035156,72.29476165771484,4469200
2017-08-11,80.58000183105469,81.33999633789062,80.43000030517578,80.88999938964844,72.77154541015625,3426100
2017-08-14,81.4800033569336,82.20999908447266,81.19999694824219,82.05000305175781,73.81513214111328,3788600
2017-08-15,82.06999969482422,82.30999755859375,81.69000244140625,81.94999694824219,73.72515869140625,3750300
2017-08-16,82.41999816894531,82.66000366210938,81.94999694824219,82.45999908447266,74.1839828491211,3291900
2017-08-17,81.94999694824219,82.16000366210938,80.08999633789062,80.1500015258789,72.1058120727539,4151500
2017-08-18,80.08999633789062,80.69000244140625,79.94000244140625,79.97000122070312,71.94390106201172,3626000
2017-08-21,80.13999938964844,80.23999786376953,79.5999984741211,79.88999938964844,71.87193298339844,3347300
2017-08-22,80.33999633789062,81.12999725341797,80.05999755859375,80.75,72.6456069946289,4359200
2017-08-23,80.23999786376953,81.12000274658203,80.06999969482422,80.88999938964844,72.77154541015625,4109300
2017-08-24,81.16000366210938,81.5,80.81999969482422,81.25,73.09541320800781,3511100
2017-08-25,81.58000183105469,81.9000015258789,80.94000244140625,80.9800033569336,72.8525390625,2627700
2017-08-28,81.44000244140625,81.66000366210938,80.58000183105469,80.76000213623047,72.65458679199219,3088500
2017-08-29,80.08000183105469,81.25,80.02999877929688,81.02999877929688,72.8974838256836,3729600
2017-08-30,81.20999908447266,82.41000366210938,81.0999984741211,82.30999755859375,74.04903411865234,4522200
2017-08-31,82.44000244140625,82.94999694824219,82.12999725341797,82.81999969482422,74.50785827636719,4411300
2017-09-01,82.73999786376953,83.11000061035156,82.37999725341797,82.54000091552734,74.25595092773438,2665200
2017-09-05,82.31999969482422,82.48999786376953,81.2699966430664,81.8499984741211,73.63519287109375,3691900
2017-09-06,82.23999786376953,82.37000274658203,81.58999633789062,82.06999969482422,73.83313751220703,3682700
2017-09-07,82.44999694824219,83.98999786376953,81.79000091552734,82.0,73.77013397216797,3599900
2017-09-08,81.9800033569336,82.04000091552734,81.25,81.37999725341797,73.21234893798828,2505600
2017-09-11,81.9000015258789,82.7300033569336,81.80999755859375,82.22000122070312,73.96806335449219,3916800
2017-09-12,82.33999633789062,82.94999694824219,82.16000366210938,82.88999938964844,74.57080841064453,4596300
2017-09-13,82.83999633789062,82.94000244140625,82.27999877929688,82.69999694824219,74.39989471435547,2626800
2017-09-14,82.4000015258789,83.66999816894531,82.4000015258789,83.29000091552734,74.93067169189453,3503300
2017-09-15,83.13999938964844,85.02999877929688,82.87000274658203,84.83999633789062,76.32510375976562,10333200
2017-09-18,85.0,86.47000122070312,84.88999938964844,86.13999938964844,77.49463653564453,5593600
2017-09-19,86.37000274658203,87.23999786376953,85.63999938964844,86.80999755859375,78.09739685058594,4036800
2017-09-20,87.0,87.0,84.4800033569336,85.83000183105469,77.21575927734375,4922800
2017-09-21,86.0199966430664,86.58999633789062,85.66999816894531,86.05000305175781,77.41368103027344,4863900
2017-09-22,86.58999633789062,88.44999694824219,86.5,88.2699966430664,79.41087341308594,6440900
2017-09-25,87.6500015258789,88.08000183105469,86.91999816894531,87.5,78.71815490722656,5625600
2017-09-26,87.98999786376953,88.29000091552734,87.44999694824219,87.69999694824219,78.89806365966797,3121200
2017-09-27,88.4800033569336,89.1500015258789,87.8499984741211,88.80999755859375,79.89666748046875,3806900
2017-09-28,88.44000244140625,89.66000366210938,88.3499984741211,89.6500015258789,80.65235137939453,5332700
2017-09-29,89.7699966430664,89.88999938964844,89.08999633789062,89.63999938964844,80.64337158203125,3283500
2017-10-02,89.87999725341797,90.23999786376953,89.30999755859375,89.6500015258789,80.65235137939453,3280600
2017-10-03,89.6500015258789,90.23999786376953,89.5,89.94000244140625,80.91325378417969,2374800
2017-10-04,89.9000015258789,90.55999755859375,89.58000183105469,90.48999786376953,81.4080581665039,3933300
2017-10-05,90.55000305175781,91.30000305175781,90.11000061035156,91.13999938964844,81.9928207397461,3241800
2017-10-06,90.73999786376953,91.54000091552734,90.73999786376953,91.3499984741211,82.18173217773438,2335000
2017-10-09,91.61000061035156,91.86000061035156,91.30999755859375,91.58000183105469,82.388671875,1749800
2017-10-10,91.97000122070312,92.41000366210938,91.47000122070312,92.37999725341797,83.10836791992188,2810500
2017-10-11,91.98999786376953,92.91999816894531,91.72000122070312,92.87000274658203,83.54918670654297,3161900
2017-10-12,92.87999725341797,93.30999755859375,92.58999633789062,92.62000274658203,83.32427978515625,3537900
2017-10-13,93.08999633789062,93.7300033569336,92.80000305175781,93.58999633789062,84.19693756103516,2674800
2017-10-16,94.20999908447266,94.41000366210938,93.66999816894531,94.2300033569336,84.77268981933594,3111900
2017-10-17,94.16999816894531,94.30999755859375,93.54000091552734,94.2699966430664,84.80867767333984,3248500
2017-10-18,94.26000213623047,94.29000091552734,93.19999694824219,93.43000030517578,84.05299377441406,3532400
2017-10-19,92.97000122070312,93.63999938964844,92.56999969482422,93.44999694824219,84.07098388671875,4164600
2017-10-20,94.05000305175781,95.4000015258789,94.0,95.18000030517578,85.62735748291016,5272400
2017-10-23,96.0,96.73999786376953,95.44000244140625,96.20999908447266,86.5539779663086,7292200
2017-10-24,96.30000305175781,96.62000274658203,95.45999908447266,96.44000244140625,86.76089477539062,8061100
2017-10-25,95.0,96.69999694824219,94.16000366210938,95.81999969482422,86.2031021118164,6967100
2017-10-26,96.44000244140625,96.94000244140625,95.83999633789062,96.1500015258789,86.5,5556900
2017-10-27,95.94000244140625,97.55999755859375,95.70999908447266,97.5,87.71448516845703,5725300
2017-10-30,96.68000030517578,97.12999725341797,95.91999816894531,96.05999755859375,86.97208404541016,4922400
2017-10-31,96.27999877929688,97.04000091552734,96.18000030517578,96.69000244140625,87.54248809814453,3770600
2017-11-01,96.97000122070312,97.25,95.7699966430664,96.3499984741211,87.23465728759766,3873800
2017-11-02,96.25,96.87999725341797,95.5999984741211,96.79000091552734,87.63302612304688,3292200
2017-11-03,97.0,98.0,96.33999633789062,97.9800033569336,88.71044921875,3346700
2017-11-06,97.81999969482422,98.66999816894531,97.66999816894531,98.54000091552734,89.21746063232422,4391700
2017-11-07,98.55000305175781,99.05000305175781,98.27999877929688,98.4000015258789,89.09071350097656,4314600
2017-11-08,98.30999755859375,98.76000213623047,97.88999938964844,98.44000244140625,89.12692260742188,3265600
2017-11-09,97.5999984741211,98.02999877929688,95.62999725341797,97.05000305175781,87.86841583251953,4239800
2017-11-10,96.66999816894531,97.05000305175781,96.4000015258789,96.94000244140625,87.76882934570312,3416700
2017-11-13,96.4000015258789,97.29000091552734,96.3499984741211,97.02999877929688,87.8503189086914,2284000
2017-11-14,96.69999694824219,97.2300033569336,96.3499984741211,96.95999908447266,87.78694915771484,3252600
2017-11-15,96.62000274658203,98.02999877929688,96.27999877929688,96.7699966430664,87.61490631103516,3355600
2017-11-16,97.06999969482422,98.62999725341797,97.05000305175781,98.31999969482422,89.01827239990234,3564400
2017-11-17,98.55999755859375,98.55999755859375,97.61000061035156,97.73999786376953,88.49314880371094,3788200
2017-11-20,97.80999755859375,98.91999816894531,97.80000305175781,98.27999877929688,88.9820556640625,2953700
2017-11-21,98.75,99.6500015258789,98.6500015258789,99.19000244140625,89.80599212646484,3998500
2017-11-22,99.1500015258789,99.3499984741211,98.06999969482422,98.08000183105469,88.80098724365234,2142000
2017-11-24,98.19999694824219,99.33000183105469,98.19000244140625,99.30000305175781,89.90556335449219,1288300
2017-11-27,98.94999694824219,99.25,98.61000061035156,98.62999725341797,89.2989501953125,3166300
2017-11-28,99.08999633789062,99.7300033569336,98.62000274658203,99.4800033569336,90.06851959228516,3037400
2017-11-29,99.7300033569336,99.79000091552734,96.44999694824219,96.87999725341797,87.7145004272461,5562200
2017-11-30,97.37999725341797,98.47000122070312,96.69999694824219,97.29000091552734,88.0857162475586,7591200
2017-12-01,96.54000091552734,97.41000366210938,94.72000122070312,97.18000030517578,87.98612976074219,5020500
2017-12-04,97.54000091552734,97.87999725341797,95.2699966430664,95.97000122070312,86.89060974121094,5183800
2017-12-05,95.9800033569336,98.72000122070312,95.36000061035156,96.9000015258789,87.73263549804688,4898100
2017-12-06,96.25,97.44999694824219,95.87000274658203,97.0199966430664,87.84125518798828,4675500
2017-12-07,97.31999969482422,98.13999938964844,96.94000244140625,97.77999877929688,88.52935791015625,4848200
2017-12-08,98.91999816894531,99.30999755859375,97.77999877929688,98.0199966430664,88.74664306640625,5591400
2017-12-11,98.06999969482422,98.87999725341797,97.7699966430664,98.83000183105469,89.48003387451172,5579200
2017-12-12,98.69999694824219,99.19000244140625,98.2300033569336,98.43000030517578,89.11786651611328,6083100
2017-12-13,98.97000122070312,99.18000030517578,98.20999908447266,98.86000061035156,89.50718688964844,5282100
2017-12-14,98.95999908447266,100.54000091552734,98.77999877929688,100.25,90.76568603515625,7106700
2017-12-15,101.27999877929688,101.5999984741211,100.06999969482422,101.22000122070312,91.64391326904297,9114800
2017-12-18,102.0999984741211,103.37000274658203,101.6500015258789,103.2699966430664,93.49995422363281,5927700
2017-12-19,103.19000244140625,104.30000305175781,103.08000183105469,104.0999984741211,94.2514419555664,5235700
2017-12-20,104.9000015258789,105.1500015258789,103.4800033569336,104.80000305175781,94.88521575927734,5529800
2017-12-21,105.16000366210938,105.33000183105469,104.01000213623047,104.06999969482422,94.22427368164062,4709100
2017-12-22,104.0,104.33999633789062,103.63999938964844,104.12999725341797,94.27859497070312,3041300
2017-12-26,103.58000183105469,104.19000244140625,103.05999755859375,104.1500015258789,94.29671478271484,1473800
2017-12-27,104.41999816894531,104.9000015258789,103.9800033569336,104.52999877929688,94.64075469970703,1775600
2017-12-28,104.91999816894531,104.91999816894531,104.22000122070312,104.81999969482422,94.9033203125,1910700
2017-12-29,104.58000183105469,105.08000183105469,104.41999816894531,104.44000244140625,94.55929565429688,2813300
2018-01-02,105.11000061035156,105.62000274658203,104.5,105.56999969482422,95.5823745727539,4236200
2018-01-03,105.87999725341797,108.51000213623047,105.5999984741211,108.43000030517578,98.17180633544922,6918900
2018-01-04,108.4800033569336,109.20999908447266,108.05000305175781,108.29000091552734,98.04502868652344,5460400
2018-01-05,108.69999694824219,109.2300033569336,108.29000091552734,109.12000274658203,98.7965087890625,5254900
2018-01-08,108.55000305175781,110.37000274658203,108.41000366210938,109.63999938964844,99.267333984375,4549400
2018-01-09,109.62000274658203,110.9800033569336,109.08000183105469,110.38999938964844,99.94635772705078,4747800
2018-01-10,109.8499984741211,109.98999786376953,108.20999908447266,109.69999694824219,99.32164764404297,5737400
2018-01-11,110.05000305175781,110.76000213623047,109.43000030517578,110.66999816894531,100.19987487792969,3903700
2018-01-12,110.73999786376953,113.0,110.58000183105469,112.72000122070312,102.05595397949219,4577800
2018-01-16,113.55000305175781,113.91000366210938,111.94000244140625,112.91999816894531,102.23700714111328,9251500
2018-01-17,113.94999694824219,119.43000030517578,113.51000213623047,119.16000366210938,107.88667297363281,6916700
2018-01-18,119.0,119.9800033569336,116.0,116.41000366210938,105.39684295654297,7970300
2018-01-19,117.01000213623047,117.55999755859375,115.70999908447266,116.83000183105469,105.777099609375,6367300
2018-01-22,117.91999816894531,119.4800033569336,117.45999908447266,119.44000244140625,108.14019012451172,7217400
2018-01-23,120.0199966430664,120.75,118.9000015258789,119.88999938964844,108.54759979248047,8087100
2018-01-24,111.13999938964844,114.0,108.68000030517578,109.69999694824219,99.32164764404297,19223900
2018-01-25,110.86000061035156,111.70999908447266,109.08000183105469,110.1500015258789,99.72908020019531,8564800
2018-01-26,110.93000030517578,114.0,109.54000091552734,113.69000244140625,102.93416595458984,7801600
2018-01-29,112.47000122070312,113.4000015258789,111.25,112.6500015258789,101.99256134033203,6389300
2018-01-30,111.19999694824219,111.47000122070312,109.30000305175781,109.88999938964844,100.04430389404297,6492900
2018-01-31,110.9800033569336,110.98999786376953,108.30000305175781,109.66999816894531,99.84400177001953,7362500
2018-02-01,108.75,110.75,108.56999969482422,110.08000183105469,100.2172622680664,5828200
2018-02-02,109.0199966430664,110.2300033569336,107.5199966430664,107.66000366210938,98.01409912109375,7474400
2018-02-05,107.0199966430664,109.12000274658203,103.37999725341797,104.20999908447266,94.8731918334961,8460400
2018-02-06,102.62000274658203,106.66000366210938,102.25,105.87000274658203,96.38446807861328,9266900
2018-02-07,104.5999984741211,105.68000030517578,101.91000366210938,101.9800033569336,92.8429946899414,10009100
2018-02-08,102.02999877929688,102.61000061035156,97.5999984741211,97.66000366210938,88.91006469726562,11506600
2018-02-09,99.5199966430664,101.30000305175781,96.98999786376953,100.48999786376953,91.48649597167969,11599300
2018-02-12,101.55000305175781,102.55000305175781,100.43000030517578,101.94000244140625,92.80658721923828,6673700
2018-02-13,101.11000061035156,101.7300033569336,100.12000274658203,100.9800033569336,91.93260192871094,5061400
2018-02-14,99.8499984741211,102.95999908447266,99.8499984741211,102.68000030517578,93.48027801513672,7413500
2018-02-15,103.81999969482422,104.58000183105469,101.54000091552734,104.56999969482422,95.20094299316406,5264800
2018-02-16,104.27999877929688,105.54000091552734,103.87999725341797,104.47000122070312,95.10990142822266,4910400
2018-02-20,103.98999786376953,106.86000061035156,103.91000366210938,105.29000091552734,95.85643768310547,4970500
2018-02-21,105.7699966430664,106.18000030517578,103.58999633789062,103.66000366210938,94.37246704101562,6536500
2018-02-22,104.0,105.08000183105469,103.41000366210938,103.93000030517578,94.6182861328125,4036500
2018-02-23,105.01000213623047,107.05999755859375,104.73999786376953,107.04000091552734,97.44965362548828,4936900
2018-02-26,107.27999877929688,109.73999786376953,107.27999877929688,109.62999725341797,99.80758666992188,5496100
2018-02-27,109.37999725341797,110.29000091552734,108.33999633789062,108.33999633789062,98.63317108154297,5311900
2018-02-28,109.04000091552734,110.22000122070312,108.31999969482422,108.3499984741211,98.64228057861328,7333000
2018-03-01,108.93000030517578,108.93000030517578,105.72000122070312,106.52999877929688,96.9853286743164,8626600
2018-03-02,104.79000091552734,108.4800033569336,104.66000366210938,108.22000122070312,98.52392578125,6476300
2018-03-05,107.4800033569336,109.33000183105469,106.5199966430664,109.01000213623047,99.2431411743164,4417200
2018-03-06,109.97000122070312,110.18000030517578,108.94000244140625,109.69000244140625,99.86222076416016,4109600
2018-03-07,108.04000091552734,109.45999908447266,107.12999725341797,108.55999755859375,98.83345031738281,4637600
2018-03-08,109.18000030517578,109.48999786376953,108.2699966430664,109.48999786376953,99.68013763427734,3573500
2018-03-09,110.0,111.61000061035156,109.33000183105469,111.52999877929688,101.53736877441406,5535900
2018-03-12,112.04000091552734,113.0,111.45999908447266,111.62999725341797,101.6283950805664,4270800
2018-03-13,112.04000091552734,113.0,110.08999633789062,110.58999633789062,100.68157958984375,5845500
2018-03-14,111.20999908447266,111.69999694824219,109.16999816894531,109.97000122070312,100.11711883544922,3240600
2018-03-15,109.94000244140625,110.91000366210938,109.2699966430664,109.70999908447266,99.88040924072266,3983300
2018-03-16,110.12000274658203,110.73999786376953,109.51000213623047,109.97000122070312,100.11711883544922,8049700
2018-03-19,109.37000274658203,109.37999725341797,105.94999694824219,107.86000061035156,98.19618225097656,6715200
2018-03-20,108.2699966430664,110.0,108.2699966430664,109.45999908447266,99.6528091430664,3781900
2018-03-21,109.12999725341797,110.29000091552734,108.05999755859375,108.63999938964844,98.90628814697266,3703800
2018-03-22,106.51000213623047,107.76000213623047,103.80000305175781,103.9000015258789,94.59097290039062,7208400
2018-03-23,104.02999877929688,104.94000244140625,101.33999633789062,101.36000061035156,92.27854919433594,6748900
2018-03-26,104.11000061035156,106.72000122070312,103.02999877929688,106.5999984741211,97.04906463623047,6760400
2018-03-27,108.0,108.0999984741211,101.81999969482422,102.55999755859375,93.37102508544922,5308400
2018-03-28,102.2699966430664,103.76000213623047,101.41000366210938,101.91000366210938,92.77926635742188,5352200
2018-03-29,102.81999969482422,105.04000091552734,102.23999786376953,103.88999938964844,94.58187866210938,4311100
2018-04-02,102.86000061035156,103.5199966430664,99.7300033569336,100.6500015258789,91.63215637207031,5865400
2018-04-03,101.91999816894531,102.73999786376953,100.58999633789062,102.18000030517578,93.02507781982422,6898700
2018-04-04,99.9800033569336,104.56999969482422,99.80999755859375,104.20999908447266,94.8731918334961,4515000
2018-04-05,103.83000183105469,104.01000213623047,100.87000274658203,102.23999786376953,93.07969665527344,5477400
2018-04-06,100.97000122070312,102.33999633789062,99.0199966430664,99.45999908447266,90.54878997802734,5095700
2018-04-09,100.04000091552734,102.88999938964844,99.5999984741211,99.80999755859375,90.86740112304688,5840900
2018-04-10,101.66999816894531,103.06999969482422,100.62999725341797,102.36000061035156,93.18894958496094,6011500
2018-04-11,101.41000366210938,103.08999633789062,101.02999877929688,102.33999633789062,93.17073822021484,3830000
2018-04-12,103.05000305175781,104.5,102.93000030517578,104.23999786376953,94.90052032470703,4578300
2018-04-13,104.94999694824219,105.0,101.9000015258789,102.16000366210938,93.00687408447266,3518900
2018-04-16,103.06999969482422,104.19000244140625,102.62000274658203,103.5,94.22681427001953,2831500
2018-04-17,104.08999633789062,105.69999694824219,103.69000244140625,105.38999938964844,95.94746398925781,4001100
2018-04-18,105.06999969482422,105.9000015258789,104.08000183105469,105.3499984741211,95.91105651855469,3554700
2018-04-19,103.73999786376953,103.83999633789062,99.91000366210938,101.29000091552734,92.2148208618164,8624900
2018-04-20,100.95999908447266,101.62999725341797,98.87000274658203,99.95999908447266,91.00398254394531,7858000
2018-04-23,100.58999633789062,100.58999633789062,98.0199966430664,98.08999633789062,89.30152893066406,5934200
2018-04-24,99.76000213623047,101.22000122070312,97.38999938964844,98.41999816894531,89.60196685791016,8420300
2018-04-25,101.45999908447266,104.25,99.76000213623047,103.0,93.77161407470703,12696000
2018-04-26,104.0199966430664,104.31999969482422,102.19999694824219,102.72000122070312,93.51668548583984,6672900
2018-04-27,103.16999816894531,103.38999938964844,100.87000274658203,102.51000213623047,93.32550811767578,5114700
2018-04-30,102.93000030517578,104.2300033569336,101.33000183105469,101.43000030517578,92.34226989746094,5592700
2018-05-01,101.0999984741211,103.47000122070312,100.69999694824219,103.4000015258789,94.13577270507812,4234700
2018-05-02,103.27999877929688,104.22000122070312,101.87000274658203,102.95999908447266,93.73519134521484,5345000
2018-05-03,101.69999694824219,104.30000305175781,100.3499984741211,103.5999984741211,94.3178482055664,4788900
2018-05-04,102.5,104.75,101.86000061035156,104.69000244140625,95.88402557373047,6168000
2018-05-07,104.98999786376953,105.16999816894531,103.97000122070312,104.51000213623047,95.71916961669922,4113800
2018-05-08,104.55000305175781,108.0,104.05999755859375,105.45999908447266,96.58924865722656,5496500
2018-05-09,106.0,107.66999816894531,105.70999908447266,107.54000091552734,98.49430084228516,5131600
2018-05-10,108.1500015258789,110.04000091552734,107.80999755859375,109.97000122070312,100.71987915039062,4376500
2018-05-11,109.62000274658203,110.73999786376953,109.0,109.25,100.06043243408203,3583500
2018-05-14,109.7300033569336,111.0,109.69999694824219,110.63999938964844,101.33352661132812,4120400
2018-05-15,109.98999786376953,110.86000061035156,108.3499984741211,109.20999908447266,100.02381134033203,4336700
2018-05-16,109.75,111.56999969482422,109.04000091552734,111.4000015258789,102.02960968017578,3898200
2018-05-17,110.70999908447266,111.66000366210938,110.02999877929688,110.33000183105469,101.04961395263672,3792800
2018-05-18,109.91999816894531,111.06999969482422,109.27999877929688,110.54000091552734,101.241943359375,4239600
2018-05-21,111.70999908447266,112.27999877929688,109.87999725341797,110.41000366210938,101.12287902832031,5199500
2018-05-22,111.05000305175781,111.83000183105469,110.69000244140625,110.86000061035156,101.53501892089844,2999600
2018-05-23,109.48999786376953,111.08000183105469,108.9000015258789,111.06999969482422,101.72734832763672,3123500
2018-05-24,110.98999786376953,111.19999694824219,109.58000183105469,110.75,101.43426513671875,2855500
2018-05-25,110.63999938964844,111.76000213623047,110.55000305175781,111.55999755859375,102.17613220214844,4100200
2018-05-29,110.63999938964844,111.76000213623047,110.01000213623047,110.94000244140625,101.60832214355469,3492800
2018-05-30,111.33999633789062,112.36000061035156,111.04000091552734,111.8499984741211,102.4417495727539,3621800
2018-05-31,112.0,112.87999725341797,111.5,111.91000366210938,102.49671173095703,6582100
2018-06-01,112.55000305175781,114.80000305175781,112.31999969482422,114.80000305175781,105.14361572265625,4728400
2018-06-04,114.73999786376953,116.37999725341797,114.30999755859375,115.73999786376953,106.00455474853516,3905700
2018-06-05,116.69000244140625,117.93000030517578,115.83000183105469,117.66000366210938,107.76303100585938,5366600
2018-06-06,117.56999969482422,118.12000274658203,116.91000366210938,118.11000061035156,108.17518615722656,4015400
2018-06-07,118.3499984741211,118.4800033569336,116.13999938964844,117.23999786376953,107.37838745117188,6985100
2018-06-08,116.29000091552734,116.66999816894531,115.3499984741211,115.73999786376953,106.00455474853516,4948600
2018-06-11,115.0,115.83000183105469,114.4800033569336,115.27999877929688,105.58325958251953,3741300
2018-06-12,115.48999786376953,115.7699966430664,114.58000183105469,115.41000366210938,105.70230102539062,3269100
2018-06-13,115.5,115.61000061035156,113.79000091552734,114.0,104.41090393066406,4948600
2018-06-14,114.86000061035156,115.54000091552734,113.97000122070312,114.72000122070312,105.07034301757812,2941200
2018-06-15,114.87000274658203,116.0199966430664,113.87000274658203,115.88999938964844,106.14192199707031,7027600
2018-06-18,114.5999984741211,114.93000030517578,113.02999877929688,114.38999938964844,104.76811218261719,3170600
2018-06-19,112.75,113.91000366210938,112.19999694824219,113.66000366210938,104.09950256347656,3486500
2018-06-20,114.41000366210938,115.11000061035156,113.56999969482422,114.23999786376953,104.63072967529297,3454800
2018-06-21,114.37999725341797,114.5,111.61000061035156,112.11000061035156,102.67987060546875,3480100
2018-06-22,112.75,113.22000122070312,111.41000366210938,112.37999725341797,102.92716979980469,3822600
2018-06-25,110.95999908447266,111.0,108.61000061035156,110.19000244140625,100.92138671875,5331200
2018-06-26,110.62999725341797,112.01000213623047,110.12999725341797,111.51000213623047,102.13036346435547,4001900
2018-06-27,112.18000030517578,112.5,108.7699966430664,108.77999877929688,99.62998962402344,4364600
2018-06-28,108.2300033569336,109.5999984741211,107.44999694824219,109.0999984741211,99.9230728149414,4198800
2018-06-29,109.79000091552734,111.55000305175781,109.62000274658203,110.25,100.9763412475586,5343300
2018-07-02,108.94000244140625,110.33000183105469,108.37999725341797,110.23999786376953,100.96717071533203,3392500
2018-07-03,110.61000061035156,111.29000091552734,108.73999786376953,108.91000366210938,99.74906158447266,2201500
2018-07-05,109.83999633789062,111.6500015258789,109.41000366210938,111.51000213623047,102.13036346435547,4097700
2018-07-06,111.55999755859375,112.93000030517578,110.83000183105469,112.70999908447266,103.22942352294922,3419700
2018-07-09,113.4000015258789,113.5,110.83999633789062,112.08999633789062,102.66156005859375,3658000
2018-07-10,112.62999725341797,114.05000305175781,112.37999725341797,113.7300033569336,104.16361236572266,4512800
2018-07-11,113.29000091552734,113.79000091552734,111.5199966430664,111.76000213623047,102.35931396484375,5000200
2018-07-12,113.23999786376953,116.69000244140625,113.05999755859375,115.83999633789062,106.09614562988281,5818700
2018-07-13,115.52999877929688,115.9800033569336,114.83000183105469,115.13999938964844,105.45502471923828,2715800
2018-07-16,114.91000366210938,115.48999786376953,114.41999816894531,114.55999755859375,104.92379760742188,3013700
2018-07-17,113.66999816894531,115.86000061035156,113.19999694824219,115.80000305175781,106.05950164794922,3915100
2018-07-18,115.5,116.94999694824219,114.13999938964844,115.68000030517578,105.94960021972656,5491900
2018-07-19,115.52999877929688,115.66000366210938,114.2300033569336,114.58999633789062,104.95128631591797,5013900
2018-07-20,114.97000122070312,115.7300033569336,114.23999786376953,115.0,105.32677459716797,4358000
2018-07-23,114.3499984741211,114.83000183105469,113.04000091552734,114.66999816894531,105.0245361328125,3052800
2018-07-24,115.05999755859375,116.45999908447266,113.3499984741211,113.80000305175781,104.22772979736328,4286700
2018-07-25,113.4000015258789,114.38999938964844,110.02999877929688,113.22000122070312,103.6965103149414,8218400
2018-07-26,113.94999694824219,114.45999908447266,112.94000244140625,113.30000305175781,103.7697982788086,5520400
2018-07-27,113.30000305175781,114.29000091552734,112.0199966430664,112.5999984741211,103.12865447998047,4343900
2018-07-30,111.98999786376953,112.37000274658203,110.69999694824219,110.91000366210938,102.14323425292969,4422500
2018-07-31,111.98999786376953,112.58999633789062,110.91999816894531,111.31999969482422,102.52084350585938,5206300
2018-08-01,111.16000366210938,111.9800033569336,110.33000183105469,111.0,102.22614288330078,5303000
2018-08-02,110.1500015258789,113.0,110.0,112.20999908447266,103.34046936035156,4516700
2018-08-03,112.33000183105469,112.9800033569336,111.93000030517578,112.83999633789062,103.92066955566406,3337900
2018-08-06,112.27999877929688,113.5199966430664,112.12000274658203,113.11000061035156,104.16934967041016,2970800
2018-08-07,113.7699966430664,115.80999755859375,113.33999633789062,115.76000213623047,106.60987854003906,5234500
2018-08-08,115.66000366210938,116.61000061035156,115.16000366210938,116.16000366210938,106.978271484375,2890800
2018-08-09,116.0,116.08999633789062,114.02999877929688,114.33999633789062,105.3021240234375,3505200
2018-08-10,111.73999786376953,112.31999969482422,109.3499984741211,110.08999633789062,101.3880615234375,7652600
2018-08-13,110.55999755859375,111.44000244140625,109.83999633789062,109.94000244140625,101.24992370605469,3989800
2018-08-14,110.66999816894531,110.98999786376953,109.87000274658203,110.33999633789062,101.6182861328125,3109600
2018-08-15,109.23999786376953,110.08000183105469,108.3499984741211,109.5999984741211,100.93678283691406,3532600
2018-08-16,110.12000274658203,110.54000091552734,109.08000183105469,109.4000015258789,100.75259399414062,2916300
2018-08-17,108.87000274658203,109.9800033569336,107.01000213623047,109.63999938964844,100.9736328125,3744800
2018-08-20,109.75,109.80000305175781,108.54000091552734,109.02999877929688,100.41182708740234,3238200
2018-08-21,109.5,111.75,109.33999633789062,111.51000213623047,102.69580841064453,4714300
2018-08-22,110.63999938964844,112.69000244140625,109.2699966430664,112.19000244140625,103.32207489013672,3999200
2018-08-23,112.18000030517578,113.66000366210938,112.16000366210938,112.4000015258789,103.51546478271484,3038700
2018-08-24,112.95999908447266,113.79000091552734,112.33999633789062,113.63999938964844,104.65745544433594,3191900
2018-08-27,114.6500015258789,115.66000366210938,114.1500015258789,115.25,106.14019012451172,3686200
2018-08-28,115.73999786376953,116.06999969482422,114.66000366210938,115.0199966430664,105.92837524414062,3214400
2018-08-29,115.41000366210938,115.77999877929688,114.86000061035156,115.47000122070312,106.34281158447266,5113900
2018-08-30,114.91999816894531,115.36000061035156,112.48999786376953,112.58000183105469,103.68123626708984,5688600
2018-08-31,112.62999725341797,113.43000030517578,111.86000061035156,112.4000015258789,103.51546478271484,6550300
2018-09-04,111.0199966430664,112.66000366210938,110.6500015258789,112.54000091552734,103.64440155029297,6160300
2018-09-05,112.37999725341797,112.94999694824219,110.8499984741211,111.12999725341797,102.34584045410156,5369300
2018-09-06,110.98999786376953,111.73999786376953,110.33999633789062,110.88999938964844,102.12482452392578,4813100
2018-09-07,110.44999694824219,111.0,108.25,108.45999908447266,99.88689422607422,5349300
2018-09-10,109.16999816894531,109.4800033569336,107.48999786376953,108.31999969482422,99.75796508789062,5138900
2018-09-11,108.05999755859375,108.1500015258789,105.91000366210938,106.05000305175781,97.66740417480469,8165600
2018-09-12,105.0,105.0,102.25,104.54000091552734,96.27674865722656,10182300
2018-09-13,105.1500015258789,106.91999816894531,104.5999984741211,105.72000122070312,97.36348724365234,6311100
2018-09-14,105.95999908447266,107.16000366210938,105.12999725341797,105.36000061035156,97.03193664550781,6485000
2018-09-17,105.29000091552734,105.66999816894531,103.3499984741211,103.69999694824219,95.5031509399414,5598300
2018-09-18,104.02999877929688,105.88999938964844,103.95999908447266,104.91000366210938,96.61750793457031,5654900
2018-09-19,105.12000274658203,107.51000213623047,105.0999984741211,107.37000274658203,98.883056640625,6588900
2018-09-20,107.87999725341797,108.9800033569336,107.80000305175781,108.48999786376953,99.91452026367188,5562500
2018-09-21,110.5,110.9000015258789,109.54000091552734,110.05000305175781,101.3512191772461,10923900
2018-09-24,109.01000213623047,110.31999969482422,108.36000061035156,109.80000305175781,101.12100219726562,3531200
2018-09-25,109.25,109.55999755859375,106.80999755859375,107.55000305175781,99.04884338378906,6523800
2018-09-26,107.4800033569336,108.22000122070312,105.9800033569336,106.22000122070312,97.8239517211914,6478600
2018-09-27,106.44000244140625,107.68000030517578,106.12000274658203,107.29000091552734,98.80937957763672,4704200
2018-09-28,107.22000122070312,107.45999908447266,106.05999755859375,107.29000091552734,98.80937957763672,4556400
2018-10-01,107.66999816894531,108.62000274658203,107.43000030517578,107.73999786376953,99.22381591796875,3661800
2018-10-02,107.25,109.8499984741211,107.25,108.45999908447266,99.88689422607422,4718400
2018-10-03,109.02999877929688,109.19999694824219,107.41000366210938,108.18000030517578,99.6290283203125,5353400
2018-10-04,107.31999969482422,107.52999877929688,104.86000061035156,105.87000274658203,97.50164031982422,5846500
2018-10-05,105.55000305175781,105.93000030517578,101.76000213623047,103.27999877929688,95.11634826660156,8778800
2018-10-08,102.22000122070312,103.11000061035156,101.16999816894531,101.93000030517578,93.87305450439453,7458500
2018-10-09,101.93000030517578,103.1500015258789,101.55000305175781,102.87000274658203,94.73875427246094,6041500
2018-10-10,100.55999755859375,101.63999938964844,98.80999755859375,99.23999786376953,91.39569091796875,11243700
2018-10-11,100.5,102.01000213623047,99.01000213623047,99.52999877929688,91.66275787353516,10100300
2018-10-12,102.44999694824219,102.44999694824219,99.62999725341797,101.08999633789062,93.09945678710938,6889100
2018-10-15,99.69999694824219,100.48999786376953,98.62999725341797,99.43000030517578,91.57067108154297,6637400
2018-10-16,100.31999969482422,102.36000061035156,99.69000244140625,102.1500015258789,94.07566833496094,5894100
2018-10-17,102.9000015258789,103.16999816894531,100.9800033569336,101.54000091552734,93.5138931274414,5061400
2018-10-18,101.5,101.5,98.75,99.54000091552734,91.6719741821289,9668300
2018-10-19,99.1500015258789,100.41999816894531,97.30000305175781,98.26000213623047,90.49315643310547,10492500
2018-10-22,98.6500015258789,100.47000122070312,98.41000366210938,99.72000122070312,91.8377456665039,6881500
2018-10-23,97.18000030517578,100.47000122070312,95.20999908447266,100.25,92.32585144042969,13925900
2018-10-24,93.25,96.9800033569336,91.5,92.01000213623047,84.73716735839844,25121700
2018-10-25,92.26000213623047,93.4800033569336,90.80000305175781,91.7699966430664,84.5161361694336,21038900
2018-10-26,89.69000244140625,92.06999969482422,87.9000015258789,90.55999755859375,83.40177917480469,15855200
2018-10-29,93.08000183105469,93.51000213623047,88.5199966430664,90.18000030517578,83.05181884765625,9869400
2018-10-30,90.08999633789062,93.13999938964844,89.72000122070312,92.98999786376953,86.37725830078125,8734300
2018-10-31,94.0,94.43000030517578,92.76000213623047,92.83000183105469,86.2286148071289,10301100
2018-11-01,93.37999725341797,97.98999786376953,93.0,97.5999984741211,90.65941619873047,10972500
2018-11-02,97.76000213623047,97.9000015258789,93.8499984741211,95.05999755859375,88.30003356933594,10088000
2018-11-05,94.91000366210938,96.0199966430664,94.25,95.66000366210938,88.85738372802734,6189400
2018-11-06,95.47000122070312,97.23999786376953,95.0,97.13999938964844,90.23213195800781,5413100
2018-11-07,97.80000305175781,97.97000122070312,96.3499984741211,97.19999694824219,90.287841796875,5525700
2018-11-08,96.26000213623047,98.79000091552734,96.23999786376953,98.4800033569336,91.47684478759766,5948300
2018-11-09,98.11000061035156,98.12999725341797,95.83999633789062,96.0999984741211,89.26607513427734,6256400
2018-11-12,95.04000091552734,95.13999938964844,93.06999969482422,93.47000122070312,86.82311248779297,8688700
2018-11-13,94.11000061035156,96.16999816894531,93.9000015258789,94.4800033569336,87.76129150390625,5930800
2018-11-14,95.81999969482422,96.2699966430664,94.04000091552734,94.69999694824219,87.96562957763672,4975200
2018-11-15,94.51000213623047,98.43000030517578,94.16999816894531,97.95999908447266,90.99380493164062,7689000
2018-11-16,96.62999725341797,98.11000061035156,96.1500015258789,97.8499984741211,90.89163208007812,6767000
2018-11-19,97.5,97.72000122070312,94.55000305175781,94.62000274658203,87.89132690429688,8265300
2018-11-20,92.91000366210938,97.9000015258789,92.91000366210938,96.83999633789062,89.95345306396484,8230200
2018-11-21,97.75,98.06999969482422,95.8499984741211,96.12999725341797,89.2939453125,6437700
2018-11-23,95.37000274658203,96.0,95.08000183105469,95.0999984741211,88.33718872070312,2066200
2018-11-26,96.41000366210938,96.66999816894531,95.31999969482422,96.37999725341797,89.52616882324219,4687400
2018-11-27,95.48999786376953,96.98999786376953,95.38999938964844,96.27999877929688,89.43328094482422,5044700
2018-11-28,96.69999694824219,98.29000091552734,95.18000030517578,98.26000213623047,91.27246856689453,5659300
2018-11-29,97.98999786376953,98.4800033569336,97.33000183105469,97.43000030517578,90.50151062011719,5938000
2018-11-30,97.77999877929688,99.88999938964844,96.91999816894531,99.8499984741211,92.74939727783203,8685900
2018-12-03,102.5,102.58000183105469,100.44999694824219,101.16999816894531,93.97554016113281,7828500
2018-12-04,100.76000213623047,101.08000183105469,95.95999908447266,96.11000061035156,89.27537536621094,7487100
2018-12-06,94.11000061035156,97.37000274658203,93.68000030517578,97.31999969482422,90.39932250976562,7329300
2018-12-07,96.66999816894531,97.02999877929688,92.23999786376953,92.37999725341797,85.81061553955078,8837800
2018-12-10,92.44000244140625,94.3499984741211,91.97000122070312,93.80000305175781,87.129638671875,7549500
2018-12-11,95.76000213623047,96.5999984741211,94.5,94.54000091552734,87.81703186035156,9942500
2018-12-12,96.79000091552734,97.37000274658203,95.5999984741211,95.80999755859375,88.99671173095703,4945000
2018-12-13,96.23999786376953,96.61000061035156,95.0999984741211,95.83999633789062,89.02456665039062,3647500
2018-12-14,94.66000366210938,95.98999786376953,94.2300033569336,94.26000213623047,87.55693817138672,6318300
2018-12-17,94.27999877929688,94.7300033569336,91.4800033569336,91.91999816894531,85.38333129882812,8260200
2018-12-18,92.8499984741211,95.9800033569336,92.72000122070312,94.54000091552734,87.81703186035156,7675500
2018-12-19,94.33999633789062,94.91000366210938,89.54000091552734,90.52999877929688,84.0921859741211,9854500
2018-12-20,90.7699966430664,91.37999725341797,89.19999694824219,90.08999633789062,83.6834716796875,9235000
2018-12-21,90.44999694824219,93.31999969482422,89.87000274658203,90.41000366210938,83.980712890625,14349200
2018-12-24,90.0,90.55000305175781,87.76000213623047,87.80000305175781,81.55633544921875,5621600
2018-12-26,88.80000305175781,93.02999877929688,87.69999694824219,92.9800033569336,86.36795043945312,8075200
2018-12-27,91.36000061035156,93.87999725341797,90.55000305175781,93.80999755859375,87.1389389038086,5882300
2018-12-28,94.05999755859375,95.75,93.08000183105469,93.80999755859375,87.1389389038086,5022200
2018-12-31,94.51000213623047,95.18000030517578,93.72000122070312,94.5,87.77986907958984,4113200
2019-01-02,92.76000213623047,95.25,92.45999908447266,94.44999694824219,87.73341369628906,6478800
2019-01-03,91.83000183105469,92.79000091552734,88.68000030517578,88.87999725341797,82.55950164794922,11667500
2019-01-04,89.93000030517578,93.37999725341797,89.47000122070312,92.9000015258789,86.29364013671875,7707600
2019-01-07,92.80000305175781,95.22000122070312,92.36000061035156,94.5,87.77986907958984,5023900
2019-01-08,95.26000213623047,95.63999938964844,93.02999877929688,94.37999725341797,87.66838836669922,5863500
2019-01-09,95.05000305175781,96.48999786376953,94.72000122070312,96.23999786376953,89.39613342285156,6909400
2019-01-10,95.76000213623047,97.94000244140625,95.47000122070312,97.72000122070312,90.7708740234375,6748500
2019-01-11,97.02999877929688,99.06999969482422,96.80999755859375,98.58999633789062,91.5790023803711,4738800
2019-01-14,97.30999755859375,97.81999969482422,95.98999786376953,96.33000183105469,89.479736328125,5060100
2019-01-15,96.98999786376953,98.04000091552734,96.63999938964844,97.62999725341797,90.6872787475586,4690800
2019-01-16,97.68000030517578,98.11000061035156,97.02999877929688,97.16999816894531,90.25997161865234,4559500
2019-01-17,96.12000274658203,98.44000244140625,95.8499984741211,97.54000091552734,90.60367584228516,6872300
2019-01-18,98.44000244140625,99.9800033569336,97.94000244140625,99.41999816894531,92.34998321533203,6677500
2019-01-22,98.43000030517578,98.43000030517578,95.81999969482422,96.62000274658203,89.7491226196289,11068600
2019-01-23,96.87000274658203,97.37000274658203,94.80999755859375,95.48999786376953,88.6994400024414,10298700
2019-01-24,97.95999908447266,102.51000213623047,97.80000305175781,102.08999633789062,94.83010864257812,14260300
2019-01-25,102.81999969482422,104.87000274658203,102.72000122070312,104.41000366210938,96.9851303100586,11041700
2019-01-28,101.87999725341797,104.12999725341797,101.76000213623047,102.68000030517578,95.378173828125,7292700
2019-01-29,102.86000061035156,103.47000122070312,101.30999755859375,101.3499984741211,94.14273071289062,6153100
2019-01-30,101.68000030517578,102.62999725341797,100.18000030517578,102.13999938964844,95.60289764404297,6430200
2019-01-31,101.0199966430664,101.79000091552734,100.16999816894531,100.68000030517578,94.2363510131836,8272300
2019-02-01,100.55000305175781,102.05999755859375,100.26000213623047,101.98999786376953,95.4625015258789,5615000
2019-02-04,101.9800033569336,102.33999633789062,101.06999969482422,101.80000305175781,95.28466796875,5761200
2019-02-05,102.20999908447266,102.4000015258789,100.9800033569336,102.31999969482422,95.77136993408203,6372200
2019-02-06,104.26000213623047,106.88999938964844,104.05000305175781,106.4800033569336,99.6651382446289,9907800
2019-02-07,105.0999984741211,105.58000183105469,103.13999938964844,103.86000061035156,97.21281433105469,7045700
2019-02-08,102.44999694824219,104.80999755859375,102.13999938964844,104.55000305175781,97.8586654663086,5392400
2019-02-11,104.70999908447266,105.44999694824219,104.25,104.76000213623047,98.05522918701172,4553000
2019-02-12,105.93000030517578,106.58000183105469,105.75,106.44000244140625,99.62769317626953,5316800
2019-02-13,106.79000091552734,108.12000274658203,106.66000366210938,107.1500015258789,100.29225158691406,5965200
2019-02-14,106.77999877929688,108.38999938964844,106.43000030517578,106.97000122070312,100.12377166748047,3438800
2019-02-15,107.83000183105469,107.87000274658203,106.69000244140625,107.56999969482422,100.68538665771484,3604300
2019-02-19,107.11000061035156,107.88999938964844,106.61000061035156,107.27999877929688,100.41393280029297,3188000
2019-02-20,107.72000122070312,108.45999908447266,107.23999786376953,107.94000244140625,101.03168487548828,3692800
2019-02-21,106.97000122070312,107.75,106.19999694824219,106.63999938964844,99.81489562988281,3933500
2019-02-22,107.9000015258789,108.37999725341797,106.6500015258789,107.30999755859375,100.44200897216797,4392900
2019-02-25,109.0,109.48999786376953,107.83000183105469,108.19000244140625,101.26569366455078,5750200
2019-02-26,108.1500015258789,108.16999816894531,106.83000183105469,107.2699966430664,100.40457153320312,3740100
2019-02-27,106.41999816894531,106.41999816894531,104.70999908447266,105.70999908447266,98.94441223144531,4395800
2019-02-28,105.18000030517578,105.83999633789062,104.80999755859375,105.77999877929688,99.00994110107422,5465800
2019-03-01,106.86000061035156,107.08999633789062,105.77999877929688,106.76000213623047,99.9272232055664,4164200
2019-03-04,107.45999908447266,108.12999725341797,106.0,107.4000015258789,100.52625274658203,3278500
2019-03-05,107.66999816894531,107.79000091552734,106.5199966430664,106.56999969482422,99.7493667602539,4008600
2019-03-06,106.5999984741211,106.75,105.26000213623047,105.41999816894531,98.67296600341797,3568000
2019-03-07,104.8499984741211,105.72000122070312,103.68000030517578,104.94999694824219,98.2330551147461,5431000
2019-03-08,103.69000244140625,105.11000061035156,103.3499984741211,104.86000061035156,98.14881134033203,5180800
2019-03-11,105.16000366210938,106.9000015258789,105.0,106.44999694824219,99.63704681396484,3319800
2019-03-12,106.8499984741211,107.05000305175781,105.76000213623047,106.5199966430664,99.70257568359375,3047200
2019-03-13,107.16000366210938,108.29000091552734,106.66000366210938,107.58000183105469,100.69473266601562,3911100
2019-03-14,107.26000213623047,107.68000030517578,105.97000122070312,107.0999984741211,100.2454605102539,5393700
2019-03-15,108.0,110.80000305175781,107.98999786376953,110.73999786376953,103.65248107910156,13932300
2019-03-18,110.05000305175781,111.13999938964844,108.91999816894531,109.80999755859375,102.78199768066406,4408900
2019-03-19,110.58000183105469,110.80000305175781,109.55000305175781,110.0199966430664,102.97856903076172,3592100
2019-03-20,110.13999938964844,110.9000015258789,109.02999877929688,109.62999725341797,102.61353302001953,3829400
2019-03-21,110.01000213623047,112.9800033569336,109.94999694824219,112.22000122070312,105.03777313232422,5772700
2019-03-22,111.72000122070312,112.41000366210938,109.52999877929688,109.68000030517578,102.66033172607422,3773500
2019-03-25,108.12999725341797,109.22000122070312,106.26000213623047,107.11000061035156,100.25481414794922,5479100
2019-03-26,108.27999877929688,108.75,107.38999938964844,108.33000183105469,101.39673614501953,3085500
2019-03-27,108.38999938964844,108.83000183105469,105.44999694824219,105.97000122070312,99.18777465820312,4797200
2019-03-28,105.98999786376953,106.4000015258789,103.62999725341797,104.91000366210938,98.19562530517578,5386400
2019-03-29,106.05000305175781,106.62999725341797,105.36000061035156,106.06999969482422,99.28137969970703,4327700
2019-04-01,107.98999786376953,108.95999908447266,106.93000030517578,108.63999938964844,101.68689727783203,5349800
2019-04-02,108.97000122070312,110.43000030517578,108.18000030517578,110.27999877929688,103.22191619873047,7005500
2019-04-03,111.87999725341797,114.1500015258789,111.4000015258789,112.75,105.53384399414062,7036700
2019-04-04,112.37999725341797,114.2699966430664,112.36000061035156,113.23999786376953,105.99249267578125,5035600
2019-04-05,113.80999755859375,114.12000274658203,113.30999755859375,113.62999725341797,106.35752868652344,3318300
2019-04-08,113.80000305175781,115.41999816894531,113.31999969482422,115.22000122070312,107.84577178955078,4580800
2019-04-09,114.55000305175781,114.66999816894531,113.25,113.94000244140625,106.64768981933594,4648200
2019-04-10,113.87999725341797,115.19000244140625,113.54000091552734,114.91999816894531,107.5649642944336,3013300
2019-04-11,115.05999755859375,115.43000030517578,114.12999725341797,114.87999725341797,107.52752685546875,2799300
2019-04-12,115.77999877929688,117.02999877929688,115.77999877929688,116.76000213623047,109.28720092773438,4881100
2019-04-15,116.61000061035156,117.37000274658203,114.0199966430664,115.08999633789062,107.72407531738281,4265100
2019-04-16,115.83999633789062,116.8499984741211,115.62999725341797,116.37000274658203,108.92216491699219,4133700
2019-04-17,116.97000122070312,117.8499984741211,114.91000366210938,115.5999984741211,108.20144653320312,6227500
2019-04-18,116.18000030517578,116.18000030517578,115.12999725341797,115.51000213623047,108.11719512939453,4195800
2019-04-22,114.52999877929688,115.1500015258789,113.6500015258789,114.94999694824219,107.59304809570312,3691200
2019-04-23,115.4000015258789,116.52999877929688,114.5199966430664,116.37999725341797,108.93151092529297,7547400
2019-04-24,115.0,119.31999969482422,114.8499984741211,118.43000030517578,110.85032653808594,14483900
2019-04-25,117.83999633789062,118.41999816894531,115.6500015258789,117.16999816894531,109.67095947265625,5315400
2019-04-26,116.0,117.25,115.30999755859375,117.20999908447266,109.70838928222656,3582600
2019-04-29,116.7300033569336,117.33999633789062,116.0,116.69999694824219,109.23104095458984,3407600
2019-04-30,116.87999725341797,118.37000274658203,116.66000366210938,117.83000183105469,110.28871154785156,4533200
2019-05-01,118.05999755859375,118.91999816894531,116.19999694824219,116.29000091552734,108.8472900390625,3335800
2019-05-02,116.4000015258789,118.56999969482422,116.27999877929688,117.45999908447266,109.94239807128906,4532200
2019-05-03,117.45999908447266,117.97000122070312,116.11000061035156,117.47000122070312,110.67730712890625,3689000
2019-05-06,114.12000274658203,116.0,113.5,115.86000061035156,109.16038513183594,3974300
2019-05-07,114.0,114.43000030517578,112.25,113.93000030517578,107.34200286865234,5928100
2019-05-08,112.81999969482422,114.75,112.4800033569336,112.55999755859375,106.05121612548828,4819300
2019-05-09,110.87999725341797,112.83999633789062,110.19999694824219,112.1500015258789,105.66492462158203,4817500
2019-05-10,111.86000061035156,113.12999725341797,109.36000061035156,112.5999984741211,106.08890533447266,4189900
2019-05-13,109.16999816894531,110.3499984741211,106.7300033569336,107.11000061035156,100.91637420654297,7867600
2019-05-14,108.20999908447266,109.8499984741211,107.87999725341797,109.04000091552734,102.73475646972656,4068200
2019-05-15,108.0,110.87000274658203,107.70999908447266,110.29000091552734,103.9124755859375,4803600
2019-05-16,108.93000030517578,110.62999725341797,108.0999984741211,109.20999908447266,102.8949203491211,4690600
2019-05-17,108.18000030517578,109.4800033569336,106.11000061035156,106.79000091552734,100.6148681640625,6944000
2019-05-20,103.08999633789062,105.88999938964844,103.08999633789062,104.7300033569336,98.67398834228516,7519900
2019-05-21,106.9000015258789,108.0,106.2699966430664,107.0,100.81272888183594,4977200
2019-05-22,106.58999633789062,107.88999938964844,106.4000015258789,106.77999877929688,100.6054458618164,3297000
2019-05-23,105.77999877929688,105.98999786376953,104.3499984741211,105.83000183105469,99.71037292480469,4828000
2019-05-24,106.52999877929688,107.48999786376953,104.91999816894531,105.05999755859375,98.98490905761719,2786400
2019-05-28,105.88999938964844,105.94999694824219,103.1500015258789,103.20999908447266,97.24188232421875,5707100
2019-05-29,102.66000366210938,104.9000015258789,101.56999969482422,104.1500015258789,98.12753295898438,4923400
2019-05-30,104.4800033569336,106.0999984741211,104.12999725341797,105.44000244140625,99.34294128417969,3365700
2019-05-31,104.31999969482422,106.12000274658203,104.0,104.30999755859375,98.27827453613281,4463100
2019-06-03,105.04000091552734,106.9800033569336,104.58999633789062,105.16999816894531,99.08855438232422,4504500
2019-06-04,107.16000366210938,109.25,106.3499984741211,109.12000274658203,102.81013488769531,4924700
2019-06-05,110.0,110.29000091552734,107.77999877929688,109.4800033569336,103.14932250976562,3977400
2019-06-06,109.51000213623047,110.66999816894531,108.79000091552734,110.19000244140625,103.8182601928711,4734100
2019-06-07,111.13999938964844,111.83000183105469,110.58999633789062,111.16999816894531,104.74159240722656,5408600
2019-06-10,111.76000213623047,113.51000213623047,111.0,112.62999725341797,106.1171646118164,4656800
2019-06-11,114.30999755859375,114.33999633789062,111.97000122070312,112.93000030517578,106.39982604980469,4775700
2019-06-12,112.4800033569336,112.79000091552734,109.9800033569336,110.33999633789062,103.95958709716797,4105400
2019-06-13,110.76000213623047,111.36000061035156,110.31999969482422,111.18000030517578,104.75101470947266,3392000
2019-06-14,106.83999633789062,109.05000305175781,106.80000305175781,107.30999755859375,101.10479736328125,7137800
2019-06-17,107.30000305175781,108.0,106.55000305175781,106.72000122070312,100.5489273071289,3655300
2019-06-18,108.30000305175781,111.56999969482422,107.58000183105469,111.04000091552734,104.61911010742188,5207900
2019-06-19,111.80000305175781,112.30000305175781,110.69000244140625,111.30000305175781,104.86408996582031,2745900
2019-06-20,113.87000274658203,114.3499984741211,111.70999908447266,112.70999908447266,106.19253540039062,2789900
2019-06-21,111.87000274658203,113.37000274658203,111.66000366210938,112.31999969482422,105.82508850097656,5124900
2019-06-24,112.16999816894531,113.08999633789062,111.81999969482422,112.7300033569336,106.21138763427734,3356200
2019-06-25,112.91000366210938,113.23999786376953,111.33999633789062,111.4800033569336,105.0336685180664,3426200
2019-06-26,113.41000366210938,115.0199966430664,112.7699966430664,114.43000030517578,107.81309509277344,5308200
2019-06-27,115.22000122070312,116.66000366210938,115.0199966430664,115.86000061035156,109.16038513183594,4163800
2019-06-28,116.41999816894531,116.83000183105469,114.5,114.76000213623047,108.12400817871094,6129800
2019-07-01,117.5999984741211,118.9800033569336,116.23999786376953,117.19000244140625,110.41348266601562,6123700
2019-07-02,116.98999786376953,117.0,115.11000061035156,116.05999755859375,109.34882354736328,3818600
2019-07-03,116.19000244140625,116.4000015258789,114.91999816894531,115.94000244140625,109.23577117919922,2321700
2019-07-05,114.81999969482422,116.06999969482422,114.37000274658203,115.75,109.0567626953125,2915400
2019-07-08,115.19000244140625,115.81999969482422,114.68000030517578,114.93000030517578,108.28416442871094,2974500
2019-07-09,114.5999984741211,115.91999816894531,114.38999938964844,115.77999877929688,109.08502197265625,2754000
2019-07-10,116.62000274658203,118.44999694824219,116.19000244140625,116.63999938964844,109.89529418945312,3531800
2019-07-11,116.5999984741211,116.9800033569336,115.88999938964844,116.72000122070312,109.97067260742188,3044700
2019-07-12,117.6500015258789,118.4000015258789,116.66000366210938,118.31999969482422,111.4781494140625,2292500
2019-07-15,118.5,120.0,118.48999786376953,119.83999633789062,112.91024017333984,4020600
2019-07-16,118.5,119.05000305175781,117.54000091552734,118.68000030517578,111.81732177734375,4588800
2019-07-17,118.44000244140625,118.48999786376953,116.76000213623047,117.18000030517578,110.40406036376953,4027700
2019-07-18,117.48999786376953,118.72000122070312,117.01000213623047,118.56999969482422,111.71368408203125,2913000
2019-07-19,118.75,119.0,117.04000091552734,117.26000213623047,110.47944641113281,5596300
2019-07-22,117.9800033569336,118.48999786376953,117.56999969482422,118.18000030517578,111.34624481201172,3862700
2019-07-23,119.19999694824219,120.3499984741211,118.55000305175781,120.06999969482422,113.126953125,7146900
2019-07-24,126.5,129.8000030517578,125.95999908447266,129.0,121.54057312011719,16553300
2019-07-25,128.58999633789062,128.8000030517578,126.56999969482422,127.3499984741211,119.98597717285156,8504500
2019-07-26,127.81999969482422,128.92999267578125,127.30999755859375,128.16000366210938,120.74915313720703,5282300
2019-07-29,128.1999969482422,130.3699951171875,127.93000030517578,129.97000122070312,122.45447540283203,6070100
2019-07-30,128.19000244140625,128.97000122070312,127.48999786376953,128.5399932861328,121.82894134521484,3487300
2019-07-31,127.81999969482422,128.57000732421875,123.04000091552734,125.01000213623047,118.4832534790039,6601600
2019-08-01,125.5999984741211,128.72999572753906,123.2300033569336,123.44999694824219,117.00469207763672,7979300
2019-08-02,123.19000244140625,124.3499984741211,121.06999969482422,121.81999969482422,115.45978546142578,7368400
2019-08-05,119.22000122070312,119.29000091552734,116.22000122070312,116.93000030517578,110.82510375976562,8689800
2019-08-06,118.36000061035156,119.3499984741211,117.02999877929688,119.0,112.78702545166016,4783900
2019-08-07,117.29000091552734,120.98999786376953,117.05000305175781,120.72000122070312,114.41722869873047,7726600
2019-08-08,121.9800033569336,124.58000183105469,121.37999725341797,124.30999755859375,117.81979370117188,6226400
2019-08-09,123.97000122070312,124.31999969482422,120.5999984741211,120.61000061035156,114.3129653930664,5777500
2019-08-12,119.61000061035156,121.06999969482422,119.47000122070312,120.08000183105469,113.81063842773438,3728400
2019-08-13,120.36000061035156,124.44999694824219,119.27999877929688,123.33999633789062,116.90043640136719,6285300
2019-08-14,120.69999694824219,122.20999908447266,120.16000366210938,120.5999984741211,114.3034896850586,4531700
2019-08-15,121.2699966430664,121.61000061035156,118.7300033569336,119.8499984741211,113.59264373779297,3352600
2019-08-16,121.27999877929688,123.20999908447266,119.8499984741211,122.81999969482422,116.40758514404297,3675100
2019-08-19,125.55000305175781,126.36000061035156,124.01000213623047,124.5999984741211,118.09464263916016,3244500
2019-08-20,124.2300033569336,125.22000122070312,123.41000366210938,124.30999755859375,117.81979370117188,2706400
2019-08-21,125.5,126.08000183105469,124.69999694824219,126.04000091552734,119.45946502685547,3866100
2019-08-22,126.11000061035156,126.5999984741211,124.19000244140625,125.20999908447266,118.67281341552734,2997800
2019-08-23,124.12000274658203,125.08999633789062,119.83999633789062,120.29000091552734,114.00968170166016,6515900
2019-08-26,122.45999908447266,122.47000122070312,120.51000213623047,121.66999816894531,115.31761932373047,3294000
2019-08-27,122.93000030517578,123.58000183105469,121.52999877929688,122.18000030517578,115.8010025024414,3679700
2019-08-28,121.37000274658203,122.9800033569336,120.52999877929688,122.73999786376953,116.3317642211914,2470800
2019-08-29,124.18000030517578,125.30999755859375,123.38999938964844,123.56999969482422,117.1184310913086,3454600
2019-08-30,124.83000183105469,125.23999786376953,123.44000244140625,123.75,117.2890396118164,2747100
2019-09-03,123.05000305175781,123.4800033569336,120.66999816894531,121.73999786376953,115.38395690917969,3913200
2019-09-04,123.94999694824219,124.94000244140625,123.8499984741211,124.58999633789062,118.0851821899414,3858200
2019-09-05,126.75,129.00999450683594,126.1500015258789,126.80999755859375,120.18926239013672,5330400
2019-09-06,127.0999984741211,127.91000366210938,126.58999633789062,127.08999633789062,120.45464324951172,2457500
2019-09-09,127.94000244140625,127.94000244140625,125.68000030517578,127.0999984741211,120.46412658691406,3813700
2019-09-10,126.01000213623047,127.05999755859375,124.9000015258789,127.04000091552734,120.40725708007812,4725600
2019-09-11,127.0,128.64999389648438,126.4000015258789,128.5800018310547,121.86685943603516,4286100
2019-09-12,129.1999969482422,130.9199981689453,128.3699951171875,130.22000122070312,123.42123413085938,4472900
2019-09-13,130.47000122070312,130.88999938964844,129.55999755859375,129.61000061035156,122.84307861328125,3110800
2019-09-16,128.75999450683594,129.47999572753906,128.08999633789062,128.36000061035156,121.65834045410156,3065800
2019-09-17,128.3000030517578,129.6999969482422,127.62000274658203,129.55999755859375,122.79566955566406,2673600
2019-09-18,129.55999755859375,129.55999755859375,127.19999694824219,129.30999755859375,122.5587387084961,2328000
2019-09-19,129.5,130.25999450683594,128.5,128.8300018310547,122.10380554199219,2608100
2019-09-20,128.3000030517578,128.75,126.22000122070312,126.66999816894531,120.05658721923828,7471500
2019-09-23,126.66999816894531,128.35000610351562,126.30999755859375,127.7699966430664,121.09915161132812,3946200
2019-09-24,128.77000427246094,128.80999755859375,124.9000015258789,125.80999755859375,119.2414779663086,4694600
2019-09-25,125.30000305175781,128.3300018310547,124.52999877929688,127.73999786376953,121.0707015991211,3293400
2019-09-26,128.27999877929688,128.6699981689453,126.63999938964844,128.11000061035156,121.42140197753906,3297700
2019-09-27,129.52000427246094,129.63999938964844,125.86000061035156,127.13999938964844,120.50202941894531,5263500
2019-09-30,127.69000244140625,129.39999389648438,127.56999969482422,129.24000549316406,122.49240112304688,4233400
2019-10-01,130.0,131.8000030517578,127.58999633789062,128.58999633789062,121.87633514404297,5093900
2019-10-02,127.26000213623047,127.77999877929688,126.22000122070312,126.83999633789062,120.21769714355469,5334600
2019-10-03,127.2699966430664,129.25,125.86000061035156,128.6999969482422,121.98058319091797,5199700
2019-10-04,129.30999755859375,130.30999755859375,128.99000549316406,130.13999938964844,123.34541320800781,3893000
2019-10-07,130.0399932861328,130.49000549316406,128.74000549316406,128.85000610351562,122.12276458740234,2426200
2019-10-08,127.41999816894531,127.87000274658203,123.62999725341797,124.9800033569336,118.4548110961914,4769100
2019-10-09,126.75,128.17999267578125,126.31999969482422,127.44000244140625,120.786376953125,2884800
2019-10-10,127.86000061035156,129.3699951171875,127.0999984741211,127.7300033569336,121.06123352050781,2679300
2019-10-11,130.10000610351562,131.75999450683594,129.55999755859375,130.08999633789062,123.29800415039062,4717200
2019-10-14,129.5800018310547,129.94000244140625,129.07000732421875,129.75,122.97576904296875,2292900
2019-10-15,130.27999877929688,132.1999969482422,129.7899932861328,131.69000244140625,124.81448364257812,2955400
2019-10-16,130.8300018310547,131.4499969482422,129.19000244140625,129.5,122.73882293701172,4537600
2019-10-17,130.89999389648438,131.38999938964844,128.80999755859375,130.1300048828125,123.3359375,3003500
2019-10-18,129.7899932861328,130.4199981689453,128.5500030517578,129.4600067138672,122.70092010498047,4126000
2019-10-21,130.74000549316406,131.02000427246094,129.64999389648438,130.92999267578125,124.09414672851562,3355100
2019-10-22,130.27000427246094,131.10000610351562,128.22999572753906,128.57000732421875,121.85738372802734,5518900
2019-10-23,116.80000305175781,121.62000274658203,115.87000274658203,118.94999694824219,112.73963165283203,18450000
2019-10-24,118.80999755859375,120.29000091552734,117.31999969482422,118.41000366210938,112.22784423828125,6205400
2019-10-25,118.51000213623047,120.69000244140625,118.51000213623047,120.51000213623047,114.21820068359375,4788200
2019-10-28,121.05999755859375,122.0999984741211,119.23999786376953,120.0,113.73482513427734,6492900
2019-10-29,120.5199966430664,120.91999816894531,119.5199966430664,120.29000091552734,114.00968170166016,4622200
2019-10-30,119.7300033569336,120.06999969482422,117.58000183105469,117.79000091552734,112.4817886352539,5276200
2019-10-31,117.6500015258789,118.30999755859375,116.48999786376953,117.98999786376953,112.67276000976562,4778400
2019-11-01,119.19000244140625,119.58999633789062,117.87000274658203,118.04000091552734,112.72052001953125,4430100
2019-11-04,119.91999816894531,121.41000366210938,119.4800033569336,120.97000122070312,115.51847076416016,5175400
2019-11-05,121.0999984741211,121.7300033569336,119.66000366210938,119.86000061035156,114.45849609375,3994500
2019-11-06,119.66999816894531,120.55000305175781,118.86000061035156,120.36000061035156,114.93596649169922,3904700
2019-11-07,120.94000244140625,121.86000061035156,119.08000183105469,119.91999816894531,114.51578521728516,4271200
2019-11-08,119.69999694824219,120.13999938964844,118.81999969482422,120.11000061035156,114.69722747802734,3804900
2019-11-11,119.06999969482422,119.69999694824219,117.97000122070312,118.08000183105469,112.75872039794922,5165300
2019-11-12,118.18000030517578,119.91000366210938,118.18000030517578,119.0199966430664,113.65634155273438,4761100
2019-11-13,118.05999755859375,118.95999908447266,117.61000061035156,118.41999816894531,113.08338928222656,4928800
2019-11-14,118.19000244140625,118.36000061035156,116.77999877929688,117.56999969482422,112.27169799804688,4568500
2019-11-15,118.56999969482422,118.76000213623047,117.55999755859375,118.0,112.68231201171875,4496800
2019-11-18,117.91999816894531,118.29000091552734,117.16999816894531,117.88999938964844,112.57727813720703,5337700
2019-11-19,118.4800033569336,118.4800033569336,116.9800033569336,117.83999633789062,112.52952575683594,3860600
2019-11-20,117.25,117.69999694824219,115.48999786376953,116.2300033569336,110.9920883178711,4368600
2019-11-21,116.19999694824219,116.3499984741211,114.58999633789062,116.0999984741211,110.86793518066406,5447700
2019-11-22,116.7300033569336,117.52999877929688,116.55000305175781,117.01000213623047,111.73692321777344,3008900
2019-11-25,117.79000091552734,119.47000122070312,117.70999908447266,119.01000213623047,113.64679718017578,3726400
2019-11-26,119.04000091552734,119.5,117.88999938964844,119.12999725341797,113.76139068603516,7099700
2019-11-27,119.91000366210938,121.80999755859375,119.5,121.7300033569336,116.24421691894531,4876200
2019-11-29,121.1500015258789,121.63999938964844,119.98999786376953,120.20999908447266,114.792724609375,3498900
2019-12-02,120.12000274658203,120.19000244140625,117.91000366210938,118.79000091552734,113.43672180175781,4733500
2019-12-03,117.1500015258789,117.97000122070312,116.05999755859375,117.75,112.4435806274414,5307100
2019-12-04,119.9800033569336,121.47000122070312,119.41000366210938,120.27999877929688,114.85957336425781,4537600
2019-12-05,120.56999969482422,120.80999755859375,119.7699966430664,120.73999786376953,115.2988510131836,3260400
2019-12-06,121.94999694824219,122.69999694824219,121.87999725341797,122.37000274658203,116.85538482666016,3815900
2019-12-09,122.26000213623047,122.48999786376953,121.87000274658203,122.0,116.50204467773438,2801300
2019-12-10,122.19000244140625,122.98999786376953,121.16999816894531,121.37000274658203,115.90044403076172,4043400
2019-12-11,121.27999877929688,123.83999633789062,121.19999694824219,123.72000122070312,118.14453887939453,2959800
2019-12-12,123.80000305175781,126.9800033569336,123.02999877929688,126.06999969482422,120.38864135742188,5412700
2019-12-13,125.95999908447266,127.47000122070312,125.38999938964844,126.63999938964844,120.93295288085938,3451500
2019-12-16,127.58000183105469,128.6699981689453,127.06999969482422,127.06999969482422,121.34358215332031,4973100
2019-12-17,127.83999633789062,128.0,125.97000122070312,127.08999633789062,121.3626708984375,4354200
2019-12-18,127.38999938964844,127.38999938964844,126.0,126.3499984741211,120.6560287475586,5776200
2019-12-19,126.33999633789062,126.4800033569336,125.0,126.4000015258789,120.70377349853516,3961500
2019-12-20,127.25,129.0399932861328,125.8499984741211,128.9499969482422,123.13884735107422,9321400
2019-12-23,129.0,129.1699981689453,128.16000366210938,128.5500030517578,122.75688934326172,3095000
2019-12-24,128.72999572753906,128.85000610351562,127.88999938964844,128.52999877929688,122.73779296875,1403400
2019-12-26,128.7100067138672,128.75,128.0500030517578,128.47999572753906,122.69002532958984,2339900
2019-12-27,128.86000061035156,128.9199981689453,128.08999633789062,128.57000732421875,122.77598571777344,1800600
2019-12-30,128.1999969482422,128.47000122070312,127.04000091552734,127.66000366210938,121.90699005126953,2283700
2019-12-31,127.25,128.38999938964844,127.05999755859375,128.2899932861328,122.50858306884766,2813300
2020-01-02,129.1300048828125,129.61000061035156,127.7699966430664,129.57000732421875,123.73091125488281,4614000
2020-01-03,127.45999908447266,129.25,127.2300033569336,127.8499984741211,122.08841705322266,4057200
2020-01-06,127.05999755859375,127.33000183105469,125.9000015258789,126.95999908447266,121.238525390625,4345400
2020-01-07,129.14999389648438,130.89999389648438,128.4199981689453,129.41000366210938,123.57811737060547,7184100
2020-01-08,129.33999633789062,130.57000732421875,129.05999755859375,129.75999450683594,123.91234588623047,3546900
2020-01-09,130.6999969482422,131.74000549316406,130.24000549316406,131.3300018310547,125.41159057617188,3526600
2020-01-10,131.80999755859375,131.80999755859375,129.82000732421875,130.0,124.14154815673828,3234000
2020-01-13,130.57000732421875,130.74000549316406,129.77000427246094,129.9499969482422,124.09378051757812,4313200
2020-01-14,129.9499969482422,131.86000061035156,129.8300018310547,130.6699981689453,124.7813491821289,4626200
2020-01-15,130.42999267578125,130.42999267578125,128.86000061035156,129.1699981689453,123.34893035888672,3392300
2020-01-16,130.0,130.22999572753906,129.35000610351562,130.16000366210938,124.29432678222656,5475900
2020-01-17,130.75999450683594,132.0399932861328,130.44000244140625,131.6999969482422,125.76492309570312,5487100
2020-01-21,131.08999633789062,132.19000244140625,130.5800018310547,130.86000061035156,124.9627914428711,8631500
2020-01-22,132.02000427246094,135.6999969482422,131.82000732421875,133.33999633789062,127.33100891113281,8899700
2020-01-23,131.4199981689453,134.41000366210938,129.64999389648438,134.25,128.1999969482422,8598700
2020-01-24,134.8000030517578,135.44000244140625,129.75,130.52000427246094,124.63809967041016,5606800
2020-01-27,128.64999389648438,129.25,126.23999786376953,126.30999755859375,120.6178207397461,5890900
2020-01-28,127.1500015258789,128.30999755859375,126.76000213623047,128.0399932861328,122.26985168457031,4397500
2020-01-29,127.55000305175781,128.50999450683594,125.44000244140625,125.48999786376953,119.83478546142578,4535000
2020-01-30,123.22000122070312,124.66999816894531,122.22000122070312,124.41999816894531,119.67124938964844,5521300
2020-01-31,123.36000061035156,123.63999938964844,119.95999908447266,120.6500015258789,116.04515838623047,5782500
2020-02-03,121.05999755859375,123.68000030517578,121.05999755859375,123.4000015258789,118.69020080566406,5396400
2020-02-04,126.0,127.31999969482422,125.36000061035156,126.47000122070312,121.64302062988281,4434700
2020-02-05,128.66000366210938,132.91000366210938,128.66000366210938,132.44000244140625,127.38516235351562,7281800
2020-02-06,133.0,133.0,131.47999572753906,132.52000427246094,127.46211242675781,3686600
2020-02-07,131.25,131.25,128.50999450683594,128.6999969482422,123.78790283203125,4331700
2020-02-10,127.55000305175781,129.6999969482422,127.30000305175781,129.64999389648438,124.70165252685547,2882500
2020-02-11,130.47000122070312,131.97999572753906,130.1300048828125,130.6999969482422,125.7115707397461,2986800
2020-02-12,131.64999389648438,132.94000244140625,131.63999938964844,132.4199981689453,127.36592864990234,2839100
2020-02-13,131.8800048828125,133.38999938964844,131.16000366210938,132.80999755859375,127.74104309082031,4268700
2020-02-14,133.47999572753906,133.6199951171875,131.27000427246094,132.2100067138672,127.1639404296875,2605200
2020-02-18,131.10000610351562,131.77999877929688,130.58999633789062,131.24000549316406,126.2309799194336,3094400
2020-02-19,132.89999389648438,134.3000030517578,132.2100067138672,133.1300048828125,128.04884338378906,3931600
2020-02-20,132.61000061035156,133.25999450683594,130.33999633789062,131.47000122070312,126.45220947265625,2487800
2020-02-21,130.75999450683594,130.8300018310547,127.95999908447266,128.52000427246094,123.61478424072266,4121000
2020-02-24,124.01000213623047,125.26000213623047,121.25,121.44000244140625,116.80500030517578,7483800
2020-02-25,122.9000015258789,123.02999877929688,118.0199966430664,118.37999725341797,113.86178588867188,6347200
2020-02-26,119.29000091552734,120.63999938964844,117.62999725341797,118.79000091552734,114.25614929199219,5778000
2020-02-27,116.3499984741211,118.48999786376953,113.06999969482422,113.12999725341797,108.81216430664062,8687300
2020-02-28,109.44999694824219,116.12000274658203,108.61000061035156,114.13999938964844,109.78362274169922,11431100
2020-03-02,115.16000366210938,119.06999969482422,113.31999969482422,118.97000122070312,114.42926788330078,7207500
2020-03-03,118.37999725341797,120.12000274658203,112.20999908447266,113.80999755859375,109.46621704101562,9217300
2020-03-04,115.7699966430664,119.08999633789062,114.33999633789062,119.05000305175781,114.5062255859375,5556500
2020-03-05,115.16999816894531,117.20999908447266,113.70999908447266,114.72000122070312,110.34149169921875,6162300
2020-03-06,111.08999633789062,113.87000274658203,110.13999938964844,113.16000366210938,108.84102630615234,6386200
2020-03-09,105.11000061035156,110.08000183105469,104.41999816894531,105.04000091552734,101.03094482421875,8454600
2020-03-10,108.83000183105469,112.13999938964844,104.75,112.12000274658203,107.8407211303711,9206200
2020-03-11,109.54000091552734,111.44000244140625,105.79000091552734,106.5,102.43521881103516,9636500
2020-03-12,99.41999816894531,104.7300033569336,96.55000305175781,97.52999877929688,93.80757904052734,15158500
2020-03-13,103.30999755859375,107.47000122070312,98.45999908447266,106.04000091552734,101.99278259277344,16040100
2020-03-16,95.87999725341797,104.5,93.08999633789062,93.5,89.93138122558594,12389200
2020-03-17,96.02999877929688,107.63999938964844,95.11000061035156,106.1500015258789,102.09857940673828,16243500
2020-03-18,100.05000305175781,105.81999969482422,94.1500015258789,100.0,96.18330383300781,16413900
2020-03-19,99.38999938964844,105.0,97.12000274658203,101.56999969482422,97.69337463378906,9298500
2020-03-20,104.5,105.5,97.0999984741211,97.5999984741211,93.87490844726562,10253200
2020-03-23,97.3499984741211,101.95999908447266,94.91999816894531,98.44000244140625,94.68284606933594,9680700
2020-03-24,102.1500015258789,105.68000030517578,99.45999908447266,105.36000061035156,101.33872985839844,9385700
2020-03-25,104.33000183105469,105.83000183105469,98.51000213623047,99.16000366210938,95.37537384033203,11862100
2020-03-26,99.4000015258789,108.83999633789062,99.01000213623047,107.76000213623047,103.64712524414062,10441400
2020-03-27,104.0,105.0,100.06999969482422,100.5,96.66423034667969,7579200
2020-03-30,100.4000015258789,103.44000244140625,100.30000305175781,102.0199966430664,98.1261978149414,6950800
2020-03-31,102.0199966430664,103.19000244140625,99.4800033569336,99.93000030517578,96.11598205566406,8968000
2020-04-01,96.0999984741211,100.37000274658203,96.06999969482422,96.88999938964844,93.19200134277344,8229700
2020-04-02,96.26000213623047,102.22000122070312,96.0999984741211,102.0199966430664,98.1261978149414,8353400
2020-04-03,102.44000244140625,103.63999938964844,98.8499984741211,99.9800033569336,96.16407012939453,6587300
2020-04-06,104.58000183105469,109.55999755859375,103.51000213623047,108.95999908447266,104.80133056640625,7189500
2020-04-07,111.69000244140625,112.93000030517578,105.83000183105469,106.26000213623047,102.20438385009766,7762200
2020-04-08,108.19000244140625,110.66999816894531,106.22000122070312,110.16999816894531,105.96514892578125,5426500
2020-04-09,111.0,112.20999908447266,107.08000183105469,107.69000244140625,103.57980346679688,5902300
2020-04-13,105.5,108.44999694824219,105.30000305175781,107.66999816894531,103.56056213378906,5209400
2020-04-14,109.5199966430664,111.43000030517578,108.97000122070312,110.94999694824219,106.71536254882812,8142400
2020-04-15,109.08000183105469,109.13999938964844,106.76000213623047,107.9800033569336,103.85872650146484,5381300
2020-04-16,109.41999816894531,111.91000366210938,107.80999755859375,111.38999938964844,107.13858032226562,5777700
2020-04-17,111.61000061035156,114.05999755859375,110.7300033569336,113.55000305175781,109.21613311767578,6100000
2020-04-20,111.5199966430664,115.12000274658203,111.30000305175781,111.52999877929688,107.27323913574219,7957200
2020-04-21,110.19999694824219,110.75,106.5,106.83999633789062,102.76223754882812,8799800
2020-04-22,109.68000030517578,112.45999908447266,108.61000061035156,111.9800033569336,107.70606994628906,10961000
2020-04-23,111.73999786376953,113.9000015258789,110.18000030517578,110.45999908447266,106.24407196044922,5374000
2020-04-24,111.3499984741211,114.0,111.04000091552734,113.93000030517578,109.58163452148438,5570200
2020-04-27,114.0,116.23999786376953,113.0199966430664,115.77999877929688,111.36102294921875,4728000
2020-04-28,118.12000274658203,119.80999755859375,114.06999969482422,114.23999786376953,109.87980651855469,5762300
2020-04-29,115.93000030517578,119.68000030517578,115.87000274658203,119.4000015258789,114.84284973144531,4936900
2020-04-30,117.54000091552734,117.98999786376953,115.19000244140625,116.06999969482422,111.63995361328125,5781000
2020-05-01,112.37999725341797,113.25,109.44999694824219,109.70999908447266,106.3473129272461,5839800
2020-05-04,108.91999816894531,110.66000366210938,107.83999633789062,110.5,107.11310577392578,4987000
2020-05-05,111.5,113.19000244140625,110.80000305175781,111.54000091552734,108.12123107910156,5242400
2020-05-06,112.4000015258789,113.8499984741211,111.9800033569336,112.41999816894531,108.9742431640625,3701300
2020-05-07,113.88999938964844,114.93000030517578,112.62000274658203,113.6500015258789,110.16654968261719,3601300
2020-05-08,113.95999908447266,115.54000091552734,112.75,115.0,111.47517395019531,4331200
2020-05-11,113.41000366210938,115.7699966430664,113.41000366210938,114.87999725341797,111.35884857177734,2723600
2020-05-12,115.13999938964844,115.87000274658203,111.33999633789062,111.69000244140625,108.2666244506836,3547100
2020-05-13,112.91999816894531,112.91999816894531,107.37999725341797,109.06999969482422,105.72693634033203,4653000
2020-05-14,109.0,110.44000244140625,106.41999816894531,110.3499984741211,106.96769714355469,4396100
2020-05-15,106.54000091552734,108.37000274658203,105.44999694824219,108.23999786376953,104.92237091064453,7237700
2020-05-18,111.18000030517578,115.1500015258789,110.26000213623047,114.41999816894531,110.91295623779297,6527200
2020-05-19,114.0199966430664,115.33999633789062,112.52999877929688,112.68000030517578,109.22628784179688,4594800
2020-05-20,115.13999938964844,118.83000183105469,114.63999938964844,117.4800033569336,113.87915802001953,4961600
2020-05-21,116.44000244140625,117.33000183105469,113.37999725341797,113.45999908447266,109.98237609863281,4381700
2020-05-22,113.52999877929688,113.87000274658203,112.31999969482422,113.43000030517578,109.95329284667969,3061600
2020-05-26,115.80999755859375,117.61000061035156,115.51000213623047,115.7300033569336,112.18280029296875,4822000
2020-05-27,116.43000030517578,117.97000122070312,115.54000091552734,117.81999969482422,114.208740234375,4079400
2020-05-28,117.76000213623047,118.69000244140625,115.51000213623047,115.87000274658203,112.31851196289062,3798200
2020-05-29,116.80999755859375,119.26000213623047,115.66000366210938,118.73999786376953,115.10053253173828,5953600
2020-06-01,117.7699966430664,118.4000015258789,116.83000183105469,117.86000061035156,114.24751281738281,2842500
2020-06-02,118.5999984741211,122.93000030517578,117.83999633789062,122.66999816894531,118.91008758544922,7277700
2020-06-03,126.66999816894531,128.47000122070312,125.63999938964844,127.20999908447266,123.31092834472656,7650600
2020-06-04,126.37999725341797,129.0,126.29000091552734,128.5800018310547,124.6389389038086,5052500
2020-06-05,130.9600067138672,135.67999267578125,130.5500030517578,131.44000244140625,127.4112777709961,7788500
2020-06-08,130.66000366210938,133.2899932861328,129.6300048828125,132.86000061035156,128.7877655029297,5602500
2020-06-09,131.35000610351562,132.91000366210938,130.14999389648438,132.1199951171875,128.0704345703125,4450000
2020-06-10,132.4499969482422,132.7899932861328,130.99000549316406,131.39999389648438,127.37248229980469,4005700
2020-06-11,129.0500030517578,129.22000122070312,124.33000183105469,124.61000061035156,120.79061889648438,6013700
2020-06-12,127.2699966430664,127.73999786376953,122.4000015258789,123.97000122070312,120.17024230957031,5950800
2020-06-15,121.56999969482422,124.52999877929688,120.80000305175781,124.2300033569336,120.4222640991211,5152800
2020-06-16,128.27000427246094,129.1300048828125,124.4800033569336,126.11000061035156,122.24464416503906,3529000
2020-06-17,127.05999755859375,127.87000274658203,125.79000091552734,126.22000122070312,122.35127258300781,2934000
2020-06-18,125.7300033569336,126.62999725341797,125.08999633789062,125.9800033569336,122.11863708496094,3062500
2020-06-19,128.05999755859375,128.24000549316406,123.97000122070312,124.88999938964844,121.06204223632812,10377200
2020-06-22,124.7699966430664,125.45999908447266,123.11000061035156,125.2300033569336,121.39161682128906,3677600
2020-06-23,126.62999725341797,128.10000610351562,126.0,126.62000274658203,122.73902130126953,4679000
2020-06-24,125.29000091552734,126.80000305175781,123.12999725341797,123.98999786376953,120.18962097167969,4747100
2020-06-25,124.0,125.33999633789062,122.3499984741211,125.05999755859375,121.22683715820312,2617200
2020-06-26,124.62999725341797,124.88999938964844,122.4000015258789,123.37000274658203,119.58863830566406,9870700
2020-06-29,123.8499984741211,124.94999694824219,122.41999816894531,124.7699966430664,120.94571685791016,3540100
2020-06-30,124.4000015258789,127.69999694824219,124.3499984741211,126.97000122070312,123.07829284667969,5572400
2020-07-01,126.5999984741211,126.86000061035156,124.66999816894531,124.80000305175781,120.97480773925781,4022000
2020-07-02,126.38999938964844,127.16999816894531,125.0199966430664,125.80999755859375,121.9538345336914,4799000
2020-07-06,127.51000213623047,130.52999877929688,126.19999694824219,129.52999877929688,125.55982208251953,4957000
2020-07-07,128.72999572753906,129.47000122070312,128.25,128.60000610351562,124.65833282470703,3778200
2020-07-08,129.6699981689453,129.74000549316406,127.69000244140625,129.25999450683594,125.29808807373047,3584300
2020-07-09,128.7899932861328,131.99000549316406,126.9000015258789,130.42999267578125,126.43223571777344,4977300
2020-07-10,130.22000122070312,131.24000549316406,128.9600067138672,130.52999877929688,126.52916717529297,2659200
2020-07-13,132.0,133.58999633789062,128.49000549316406,128.82000732421875,124.87159729003906,4861600
2020-07-14,127.79000091552734,132.22999572753906,126.70999908447266,131.88999938964844,127.84748077392578,4247500
2020-07-15,131.42999267578125,132.4499969482422,130.08999633789062,132.14999389648438,128.09950256347656,3625100
2020-07-16,130.85000610351562,132.69000244140625,130.50999450683594,132.17999267578125,128.1285858154297,3337600
2020-07-17,133.50999450683594,135.0,132.25,133.88999938964844,129.7861785888672,4666100
2020-07-20,134.1999969482422,137.0,133.19000244140625,136.5800018310547,132.39373779296875,4623100
2020-07-21,137.08999633789062,137.64999389648438,135.25999450683594,135.47999572753906,131.3274383544922,7715800
2020-07-22,134.60000610351562,135.17999267578125,130.49000549316406,132.52999877929688,128.46788024902344,10911900
2020-07-23,133.0,133.14999389648438,128.32000732421875,129.0399932861328,125.08483123779297,7793500
2020-07-24,129.75,131.97000122070312,128.11000061035156,129.6300048828125,125.6567611694336,5077100
2020-07-27,130.35000610351562,132.3300018310547,130.0399932861328,132.1199951171875,128.0704345703125,3874500
2020-07-28,130.89999389648438,131.80999755859375,129.72000122070312,130.1300048828125,126.14142608642578,3545300
2020-07-29,130.92999267578125,132.3000030517578,130.58999633789062,131.63999938964844,127.60514831542969,2818300
2020-07-30,128.4499969482422,129.8699951171875,127.73999786376953,128.88999938964844,125.79951477050781,4146900
2020-07-31,128.35000610351562,128.60000610351562,125.43000030517578,127.55000305175781,124.49164581298828,8044000
2020-08-03,128.14999389648438,129.5,127.68000030517578,129.32000732421875,126.21920013427734,4311800
2020-08-04,129.0399932861328,132.3300018310547,128.7100067138672,132.22999572753906,129.05941772460938,5361500
2020-08-05,130.5,132.7899932861328,130.47999572753906,132.6999969482422,129.5181427001953,4370200
2020-08-06,132.58999633789062,133.82000732421875,132.02999877929688,133.74000549316406,130.53323364257812,2961800
2020-08-07,133.74000549316406,134.11000061035156,132.47000122070312,133.55999755859375,130.35752868652344,2856700
2020-08-10,133.22000122070312,135.80999755859375,132.47000122070312,135.41000366210938,132.16317749023438,5526400
2020-08-11,136.80999755859375,138.8300018310547,135.64999389648438,136.0399932861328,132.77806091308594,5383800
2020-08-12,137.47000122070312,139.13999938964844,136.64999389648438,138.63999938964844,135.3157196044922,3073700
2020-08-13,138.11000061035156,138.60000610351562,136.9499969482422,137.14999389648438,133.86143493652344,2945100
2020-08-14,137.72999572753906,138.30999755859375,137.0,137.35000610351562,134.05667114257812,2062900
2020-08-17,137.86000061035156,139.24000549316406,137.6300048828125,138.27999877929688,134.96435546875,2380400
2020-08-18,138.9600067138672,139.4600067138672,138.1999969482422,139.30999755859375,135.96966552734375,2760400
2020-08-19,139.6699981689453,140.8800048828125,138.02999877929688,138.47999572753906,135.15956115722656,3803200
2020-08-20,137.30999755859375,139.1300048828125,136.6199951171875,138.57000732421875,135.24742126464844,2761200
2020-08-21,138.1199951171875,140.49000549316406,137.19000244140625,140.3300018310547,136.9652099609375,4382500
2020-08-24,140.86000061035156,141.80999755859375,139.9199981689453,141.02000427246094,137.638671875,2841300
2020-08-25,141.5800018310547,142.22000122070312,140.97999572753906,141.66000366210938,138.26332092285156,2840700
2020-08-26,141.32000732421875,142.69000244140625,141.1199951171875,142.4499969482422,139.03436279296875,2974100
2020-08-27,143.05999755859375,143.22999572753906,140.52000427246094,141.49000549316406,138.09738159179688,2801000
2020-08-28,141.50999450683594,143.58999633789062,141.10000610351562,143.49000549316406,140.04942321777344,2884700
2020-08-31,142.64999389648438,143.27000427246094,141.82000732421875,142.14999389648438,138.7415313720703,4344600
2020-09-01,143.0,145.05999755859375,142.0399932861328,144.9600067138672,141.48419189453125,3563400
2020-09-02,146.4499969482422,148.3699951171875,145.49000549316406,147.63999938964844,144.0999298095703,4579200
2020-09-03,147.0,147.44000244140625,140.55999755859375,141.6699981689453,138.2730712890625,5866400
2020-09-04,140.85000610351562,142.52000427246094,137.7100067138672,140.47000122070312,137.1018524169922,5251600
2020-09-08,136.1999969482422,138.7100067138672,135.75,136.0399932861328,132.77806091308594,5893700
2020-09-09,138.2100067138672,140.85000610351562,137.19000244140625,139.67999267578125,136.33079528808594,5418500
2020-09-10,139.4199981689453,141.25,136.22000122070312,137.19000244140625,133.90048217773438,3985800
2020-09-11,138.22000122070312,139.0,135.25,136.3699951171875,133.10012817382812,3524400
2020-09-14,138.32000732421875,139.11000061035156,137.6300048828125,138.52999877929688,135.20835876464844,3120400
2020-09-15,139.7899932861328,141.82000732421875,139.36000061035156,140.63999938964844,137.26776123046875,2718700
2020-09-16,142.08999633789062,142.1300048828125,139.61000061035156,139.67999267578125,136.33079528808594,3591700
2020-09-17,136.4199981689453,140.52999877929688,135.9199981689453,140.39999389648438,137.03350830078125,5646100
2020-09-18,141.13999938964844,141.8000030517578,137.0,138.66000366210938,135.33523559570312,7025900
2020-09-21,135.8699951171875,137.1199951171875,134.32000732421875,136.97999572753906,133.69552612304688,6036000
2020-09-22,137.77999877929688,138.82000732421875,135.6300048828125,138.64999389648438,135.3254852294922,3213200
2020-09-23,139.08999633789062,139.08999633789062,134.72000122070312,135.16000366210938,131.91917419433594,5766400
2020-09-24,134.1199951171875,138.32000732421875,134.1199951171875,136.69000244140625,133.41249084472656,2911000
2020-09-25,135.9499969482422,139.10000610351562,134.75,138.32000732421875,135.00340270996094,3036000
2020-09-28,140.22000122070312,142.0,139.72000122070312,141.94000244140625,138.53660583496094,3454100
2020-09-29,142.2899932861328,143.0500030517578,141.1999969482422,141.5,138.10714721679688,2722900
2020-09-30,141.16000366210938,144.25,140.50999450683594,142.7899932861328,139.3662109375,5599600
2020-10-01,145.44000244140625,147.22000122070312,143.99000549316406,144.91000366210938,141.43539428710938,4431200
2020-10-02,142.0800018310547,143.92999267578125,140.83999633789062,141.08999633789062,137.70697021484375,3928600
2020-10-05,142.2899932861328,144.22999572753906,141.57000732421875,144.0800018310547,140.6252899169922,3052800
2020-10-06,143.85000610351562,147.13999938964844,142.97000122070312,143.85000610351562,140.40081787109375,3418700
2020-10-07,145.33999633789062,147.2899932861328,144.80999755859375,146.75,143.23126220703125,2845500
2020-10-08,146.8300018310547,148.30999755859375,146.55999755859375,148.05999755859375,144.50985717773438,2323700
2020-10-09,150.0800018310547,151.52000427246094,148.85000610351562,150.91000366210938,147.29151916503906,4209800
2020-10-12,152.5800018310547,155.75999450683594,151.8300018310547,154.89999389648438,151.1858367919922,5147800
2020-10-13,155.11000061035156,155.8800048828125,153.67999267578125,154.49000549316406,150.78567504882812,3524000
2020-10-14,154.5,154.72999572753906,152.17999267578125,152.77000427246094,149.10691833496094,3267400
2020-10-15,151.82000732421875,153.0500030517578,150.86000061035156,152.5500030517578,148.89219665527344,2936000
2020-10-16,153.97000122070312,154.9199981689453,152.72999572753906,153.1199951171875,149.44851684570312,4599700
2020-10-19,153.27999877929688,154.9199981689453,150.25999450683594,150.75999450683594,147.14511108398438,4225400
2020-10-20,151.7899932861328,152.24000549316406,149.69000244140625,150.8300018310547,147.2134552001953,3916100
2020-10-21,149.10000610351562,149.4600067138672,144.66000366210938,146.1300048828125,142.62612915039062,6700600
2020-10-22,146.82000732421875,148.8800048828125,145.8300018310547,148.22000122070312,144.66603088378906,3167200
2020-10-23,148.4199981689453,150.0,148.32000732421875,149.9600067138672,146.3643035888672,3509100
2020-10-26,148.1999969482422,148.5,144.22000122070312,145.9499969482422,142.45045471191406,4290700
2020-10-27,147.6300048828125,148.3300018310547,146.5500030517578,147.1199951171875,143.59237670898438,4102400
2020-10-28,144.6999969482422,145.86000061035156,141.75999450683594,143.0,139.5711669921875,7413600
2020-10-29,141.69000244140625,147.30999755859375,141.3300018310547,146.19000244140625,143.7097625732422,5600400
2020-10-30,145.0,145.9499969482422,142.52999877929688,144.58999633789062,142.1368865966797,5427000
2020-11-02,146.4600067138672,146.89999389648438,144.22000122070312,145.60000610351562,143.12977600097656,3756600
2020-11-03,146.86000061035156,148.58999633789062,146.66000366210938,147.3000030517578,144.80093383789062,3588600
2020-11-04,150.8000030517578,153.5,148.44000244140625,152.02999877929688,149.45068359375,5015300
2020-11-05,154.83999633789062,156.3000030517578,154.14999389648438,155.55999755859375,152.9207763671875,4638100
2020-11-06,156.0500030517578,158.2100067138672,154.94000244140625,157.74000549316406,155.06381225585938,4217700
2020-11-09,162.0,164.6300048828125,156.05999755859375,156.22000122070312,153.569580078125,5308600
2020-11-10,155.3800048828125,156.35000610351562,151.02000427246094,151.49000549316406,148.9198455810547,5697900
2020-11-11,154.94000244140625,155.94000244140625,153.63999938964844,155.6999969482422,153.05841064453125,3497200
2020-11-12,156.02000427246094,156.92999267578125,153.66000366210938,154.5,151.87876892089844,2607100
2020-11-13,156.63999938964844,157.97999572753906,155.16000366210938,156.64999389648438,153.99229431152344,2439800
2020-11-16,157.27000427246094,159.38999938964844,156.6199951171875,158.30999755859375,155.62413024902344,3456500
2020-11-17,157.38999938964844,158.30999755859375,155.17999267578125,155.5,152.86180114746094,3526700
2020-11-18,155.74000549316406,156.33999633789062,153.41000366210938,153.5500030517578,150.94488525390625,2998400
2020-11-19,153.1199951171875,157.42999267578125,152.7100067138672,157.27000427246094,154.60177612304688,2465300
2020-11-20,157.32000732421875,158.75,156.5500030517578,156.82000732421875,154.15940856933594,3013000
2020-11-23,156.89999389648438,158.7100067138672,155.13999938964844,157.4199981689453,154.7492218017578,2803000
2020-11-24,158.6199951171875,159.4600067138672,156.69000244140625,159.35000610351562,156.646484375,4962800
2020-11-25,159.5500030517578,160.02000427246094,157.25999450683594,157.60000610351562,154.92617797851562,3543700
2020-11-27,159.3800048828125,160.2899932861328,158.77999877929688,158.99000549316406,156.29258728027344,3084400
2020-11-30,159.22999572753906,161.50999450683594,157.72000122070312,161.25,158.51425170898438,4845200
2020-12-01,162.6300048828125,164.3300018310547,161.6300048828125,163.49000549316406,160.7162628173828,4894400
2020-12-02,162.7899932861328,163.57000732421875,161.82000732421875,162.72000122070312,159.9593048095703,4212300
2020-12-03,163.16000366210938,164.55999755859375,161.60000610351562,161.97999572753906,159.2318572998047,4778600
2020-12-04,163.00999450683594,166.60000610351562,162.52000427246094,166.52000427246094,163.69483947753906,3741600
2020-12-07,166.3699951171875,166.4499969482422,165.24000549316406,166.2899932861328,163.46875,4645300
2020-12-08,166.3000030517578,167.24000549316406,165.0,166.67999267578125,163.85211181640625,3259900
2020-12-09,164.8000030517578,166.47000122070312,161.9600067138672,162.75999450683594,159.99862670898438,5593900
2020-12-10,162.16000366210938,162.8699951171875,160.77999877929688,162.0,159.25152587890625,5597300
2020-12-11,160.61000061035156,161.9499969482422,159.6300048828125,160.61000061035156,157.88510131835938,4145800
2020-12-14,161.4499969482422,162.75,159.99000549316406,160.1199951171875,157.40341186523438,5994200
2020-12-15,162.02000427246094,162.72999572753906,161.2100067138672,162.3800048828125,159.6250762939453,5732100
2020-12-16,162.94000244140625,163.36000061035156,160.9199981689453,162.1199951171875,159.36949157714844,3147900
2020-12-17,162.91000366210938,163.00999450683594,161.41000366210938,162.69000244140625,159.92982482910156,5253400
2020-12-18,163.3699951171875,164.61000061035156,162.10000610351562,164.07000732421875,161.28640747070312,7072600
2020-12-21,161.5500030517578,162.8000030517578,159.55999755859375,162.42999267578125,159.67422485351562,3077300
2020-12-22,162.19000244140625,163.4600067138672,162.05999755859375,162.52000427246094,159.76271057128906,2640900
2020-12-23,162.1999969482422,163.22999572753906,160.80999755859375,160.97999572753906,158.24880981445312,2012400
2020-12-24,160.72000122070312,161.85000610351562,160.47999572753906,161.63999938964844,158.8976287841797,1044400
2020-12-28,163.75999450683594,163.75999450683594,161.0,161.47000122070312,158.7305145263672,2139300
2020-12-29,161.9600067138672,162.67999267578125,160.57000732421875,161.17999267578125,158.4454345703125,2433700
2020-12-30,161.88999938964844,163.1300048828125,161.75999450683594,162.6999969482422,159.93963623046875,2213800
2020-12-31,162.8699951171875,164.38999938964844,161.88999938964844,164.1300048828125,161.34539794921875,2906200
2021-01-04,164.60000610351562,167.83999633789062,160.75999450683594,162.22000122070312,159.46778869628906,4659900
2021-01-05,161.6999969482422,163.52999877929688,161.27999877929688,163.41000366210938,160.63758850097656,4734100
2021-01-06,162.3000030517578,167.4499969482422,162.07000732421875,164.22000122070312,161.43385314941406,5254400
2021-01-07,165.3300018310547,168.6999969482422,164.82000732421875,167.94000244140625,165.09075927734375,5673600
2021-01-08,171.1199951171875,172.75,168.86000061035156,171.16000366210938,168.25611877441406,4556500
2021-01-11,170.24000549316406,172.0399932861328,169.13999938964844,171.30999755859375,168.40357971191406,4553100
2021-01-12,171.2899932861328,173.66000366210938,170.97000122070312,172.3000030517578,169.3767852783203,3406600
2021-01-13,172.2899932861328,172.85000610351562,170.8699951171875,171.41000366210938,168.5018768310547,2953900
2021-01-14,171.10000610351562,172.5399932861328,170.35000610351562,171.7100067138672,168.7967987060547,3416300
2021-01-15,170.97999572753906,171.08999633789062,167.57000732421875,169.19000244140625,166.31954956054688,3734600
2021-01-19,171.19000244140625,174.6999969482422,171.19000244140625,174.19000244140625,171.23471069335938,6277800
2021-01-20,174.83999633789062,175.17999267578125,172.7899932861328,173.3300018310547,170.38929748535156,4329500
2021-01-21,174.4199981689453,175.47000122070312,172.11000061035156,175.10000610351562,172.1292724609375,3583900
2021-01-22,174.49000549316406,175.4499969482422,172.75,172.80999755859375,169.87811279296875,3736800
2021-01-25,173.3699951171875,174.57000732421875,170.67999267578125,172.9199981689453,169.9862518310547,5401900
2021-01-26,172.07000732421875,174.27999877929688,171.3000030517578,171.47000122070312,168.56085205078125,5341900
2021-01-27,166.4499969482422,167.6199951171875,162.0399932861328,162.92999267578125,160.16574096679688,10011200
2021-01-28,167.8800048828125,171.10000610351562,165.13999938964844,169.22999572753906,166.3588409423828,6796600
2021-01-29,166.64999389648438,168.0,164.02000427246094,165.69000244140625,163.86659240722656,5969800
2021-02-01,167.36000061035156,173.0,167.02000427246094,172.4600067138672,170.56210327148438,5715600
2021-02-02,173.0500030517578,175.6999969482422,172.00999450683594,174.75,172.82688903808594,4861200
2021-02-03,174.77999877929688,175.25999450683594,168.5,168.5800018310547,166.7247772216797,5019200
2021-02-04,169.9600067138672,172.1199951171875,168.05999755859375,172.0,170.10714721679688,3519800
2021-02-05,172.8000030517578,173.17999267578125,168.05999755859375,169.92999267578125,168.05992126464844,4045000
2021-02-08,171.33999633789062,175.38999938964844,170.83999633789062,175.1199951171875,173.19281005859375,4597600
2021-02-09,174.5,175.22000122070312,173.3300018310547,173.69000244140625,171.77854919433594,2777700
2021-02-10,175.1999969482422,176.13999938964844,172.6199951171875,174.36000061035156,172.44117736816406,3414600
2021-02-11,176.0,179.64999389648438,175.44000244140625,179.22000122070312,177.24769592285156,4776000
2021-02-12,178.0,179.89999389648438,177.3300018310547,179.63999938964844,177.66307067871094,2532500
2021-02-16,180.0,181.8000030517578,178.83999633789062,180.75999450683594,178.770751953125,3887600
2021-02-17,178.32000732421875,180.2100067138672,176.36000061035156,178.52999877929688,176.56529235839844,4315100
2021-02-18,177.42999267578125,177.52000427246094,174.1999969482422,176.50999450683594,174.56752014160156,4195100
2021-02-19,177.86000061035156,179.57000732421875,176.63999938964844,178.35000610351562,176.3872833251953,4248500
2021-02-22,176.0,176.9199981689453,172.67999267578125,173.08999633789062,171.18515014648438,4386900
2021-02-23,174.1699981689453,174.44000244140625,168.50999450683594,172.85000610351562,170.9477996826172,6514400
2021-02-24,171.6300048828125,179.77000427246094,170.57000732421875,179.38999938964844,177.41583251953125,5100500
2021-02-25,178.5,178.5,170.05999755859375,170.52999877929688,168.65333557128906,6099600
2021-02-26,173.27999877929688,173.85000610351562,169.1300048828125,172.27000427246094,170.3741912841797,6060600
2021-03-01,174.5,177.86000061035156,173.08999633789062,177.6699981689453,175.71475219726562,4771500
2021-03-02,177.57000732421875,177.66000366210938,174.14999389648438,174.88999938964844,172.96534729003906,5401500
2021-03-03,174.08999633789062,175.6199951171875,170.36000061035156,170.58999633789062,168.71266174316406,4715900
2021-03-04,170.5,170.85000610351562,161.6699981689453,163.25,161.4534454345703,8318900
2021-03-05,167.5399932861328,168.8300018310547,162.02999877929688,167.94000244140625,166.0918426513672,5681200
2021-03-08,166.38999938964844,168.27000427246094,161.77000427246094,162.11000061035156,160.32598876953125,6065400
2021-03-09,167.1699981689453,171.85000610351562,166.2899932861328,170.36000061035156,168.48519897460938,7610300
2021-03-10,171.64999389648438,173.0,169.30999755859375,169.4199981689453,167.5555419921875,4270500
2021-03-11,172.50999450683594,175.60000610351562,172.47000122070312,174.9499969482422,173.02468872070312,5002700
2021-03-12,173.02000427246094,174.10000610351562,170.75,173.57000732421875,171.65988159179688,3514600
2021-03-15,173.47000122070312,175.08999633789062,171.75999450683594,174.91000366210938,172.98512268066406,3876500
2021-03-16,176.25,178.80999755859375,175.8300018310547,177.13999938964844,175.19058227539062,4132600
2021-03-17,175.44000244140625,180.17999267578125,174.4199981689453,179.35000610351562,177.3762664794922,4004800
2021-03-18,176.16000366210938,179.77000427246094,174.24000549316406,174.36000061035156,172.44117736816406,4214400
2021-03-19,175.69000244140625,178.0500030517578,172.4499969482422,175.97999572753906,174.04335021972656,8447300
2021-03-22,178.2899932861328,181.69000244140625,177.75,180.10000610351562,178.11801147460938,4476100
2021-03-23,181.91000366210938,182.57000732421875,177.7100067138672,178.77999877929688,176.81253051757812,4688500
2021-03-24,179.99000549316406,182.69000244140625,178.77999877929688,178.89999389648438,176.93121337890625,5056100
2021-03-25,177.52999877929688,179.4499969482422,173.75,178.49000549316406,176.52572631835938,4878500
2021-03-26,177.75999450683594,188.8699951171875,177.00999450683594,188.1999969482422,186.1288604736328,6363500
2021-03-29,184.85000610351562,187.6999969482422,183.74000549316406,186.17999267578125,184.13108825683594,4983600
2021-03-30,188.50999450683594,188.50999450683594,184.6199951171875,185.94000244140625,183.89373779296875,4458700
2021-03-31,187.60000610351562,190.4499969482422,186.52999877929688,188.99000549316406,186.91018676757812,5427500
2021-04-01,191.11000061035156,192.5399932861328,190.02000427246094,192.05999755859375,189.94639587402344,4581300
2021-04-05,194.0,197.5800018310547,193.6300048828125,196.92999267578125,194.76278686523438,4323900
2021-04-06,194.22000122070312,196.83999633789062,193.0399932861328,194.58999633789062,192.44854736328125,3506900
2021-04-07,194.4600067138672,194.49000549316406,191.50999450683594,193.08999633789062,190.96505737304688,3678900
2021-04-08,196.08999633789062,196.08999633789062,193.35000610351562,195.1999969482422,193.0518341064453,3157200
2021-04-09,193.30999755859375,195.55999755859375,192.74000549316406,195.42999267578125,193.279296875,3127300
2021-04-12,192.63999938964844,194.72000122070312,191.33999633789062,192.42999267578125,190.31231689453125,4504800
2021-04-13,192.13999938964844,193.0,189.75999450683594,191.24000549316406,189.1354217529297,4009300
2021-04-14,190.4600067138672,191.5,189.00999450683594,190.3300018310547,188.2354278564453,3555000
2021-04-15,191.92999267578125,193.52999877929688,190.82000732421875,193.1699981689453,191.04417419433594,4471900
2021-04-16,193.66000366210938,194.77999877929688,191.63999938964844,191.92999267578125,189.81781005859375,5792900
2021-04-19,190.35000610351562,191.10000610351562,186.72000122070312,187.05999755859375,185.00140380859375,5334900
2021-04-20,186.97999572753906,186.97999572753906,184.27999877929688,185.27000427246094,183.23110961914062,4258900
2021-04-21,187.89999389648438,189.13999938964844,184.9600067138672,188.89999389648438,186.82115173339844,4796500
2021-04-22,186.66000366210938,188.7899932861328,184.77000427246094,185.8000030517578,183.7552947998047,3853100
2021-04-23,187.02000427246094,190.00999450683594,186.50999450683594,188.82000732421875,186.74205017089844,3512400
2021-04-26,188.86000061035156,192.17999267578125,187.88999938964844,191.36000061035156,189.25408935546875,3842300
2021-04-27,191.05999755859375,192.50999450683594,189.77999877929688,190.2100067138672,188.11676025390625,3864100
2021-04-28,181.63999938964844,184.0,180.0,181.82000732421875,179.81907653808594,9434200
2021-04-29,183.6300048828125,186.0500030517578,182.64999389648438,185.82000732421875,183.7750701904297,4547300
2021-04-30,182.17999267578125,182.89999389648438,179.1300048828125,180.50999450683594,179.50885009765625,6193600
2021-05-03,181.49000549316406,181.8000030517578,177.55999755859375,178.8000030517578,177.80833435058594,5136100
2021-05-04,178.25999450683594,179.25,175.52999877929688,179.02999877929688,178.0370635986328,5222300
2021-05-05,181.00999450683594,183.17999267578125,179.47999572753906,181.64999389648438,180.64251708984375,5257100
2021-05-06,181.92999267578125,184.83999633789062,179.9499969482422,184.27000427246094,183.2480010986328,4525800
2021-05-07,186.6999969482422,188.10000610351562,185.4199981689453,187.75999450683594,186.71864318847656,4591400
2021-05-10,187.2899932861328,187.2899932861328,181.82000732421875,182.0500030517578,181.04031372070312,4580400
2021-05-11,178.41000366210938,183.52999877929688,177.41000366210938,183.1999969482422,182.18392944335938,4641300
2021-05-12,179.69000244140625,180.10000610351562,176.27000427246094,176.60000610351562,175.62054443359375,5297900
2021-05-13,179.99000549316406,180.6300048828125,177.25,178.99000549316406,177.99728393554688,4361000
2021-05-14,180.6999969482422,184.9199981689453,179.5,183.27000427246094,182.25355529785156,4433500
2021-05-17,182.25,182.3800048828125,178.85000610351562,180.8300018310547,179.82708740234375,4162300
2021-05-18,181.11000061035156,181.86000061035156,178.58999633789062,178.8699951171875,177.87794494628906,3454100
2021-05-19,175.24000549316406,181.92999267578125,175.0,181.72000122070312,180.71214294433594,4780000
2021-05-20,182.27999877929688,186.5399932861328,182.27999877929688,185.3000030517578,184.2722930908203,5387000
2021-05-21,186.69000244140625,186.69000244140625,184.13999938964844,185.00999450683594,183.98388671875,3682300
2021-05-24,186.4499969482422,189.35000610351562,186.4499969482422,188.69000244140625,187.64349365234375,4175900
2021-05-25,189.47000122070312,189.67999267578125,187.8800048828125,188.6999969482422,187.65342712402344,4270100
2021-05-26,188.05999755859375,189.77999877929688,186.92999267578125,188.36000061035156,187.31532287597656,4221600
2021-05-27,188.74000549316406,190.0500030517578,187.8800048828125,189.1300048828125,188.0810546875,10107700
2021-05-28,190.0500030517578,191.02999877929688,189.27000427246094,189.82000732421875,188.76722717285156,3306500
2021-06-01,191.3800048828125,192.02999877929688,188.0399932861328,189.0,187.95176696777344,4817300
2021-06-02,189.5,190.86000061035156,188.33999633789062,190.75,189.6920623779297,3137900
2021-06-03,187.69000244140625,187.86000061035156,184.89999389648438,186.0,184.96839904785156,4205300
2021-06-04,187.77999877929688,190.3800048828125,187.47999572753906,190.07000732421875,189.01583862304688,3462900
2021-06-07,189.1999969482422,189.8000030517578,187.66000366210938,188.5500030517578,187.50425720214844,2726100
2021-06-08,189.97000122070312,189.97000122070312,186.11000061035156,186.92999267578125,185.8932342529297,3063600
2021-06-09,188.08999633789062,188.1300048828125,186.1699981689453,186.4499969482422,185.41590881347656,2866900
2021-06-10,186.33999633789062,188.89999389648438,185.89999389648438,188.0,186.95730590820312,3188700
2021-06-11,188.0800018310547,188.74000549316406,186.94000244140625,188.6699981689453,187.62359619140625,2309400
2021-06-14,188.25999450683594,190.35000610351562,187.07000732421875,190.25999450683594,189.20477294921875,3360300
2021-06-15,190.4600067138672,190.72999572753906,188.1199951171875,188.61000061035156,187.56393432617188,2600100
2021-06-16,189.91000366210938,190.49000549316406,186.3000030517578,187.72999572753906,186.68881225585938,3357900
2021-06-17,187.24000549316406,189.52999877929688,186.1999969482422,187.64999389648438,186.6092529296875,3222300
2021-06-18,186.00999450683594,186.30999755859375,182.5,183.07000732421875,182.05465698242188,7535200
2021-06-21,184.25,186.63999938964844,183.36000061035156,186.11000061035156,185.07778930664062,3771200
2021-06-22,185.49000549316406,187.27999877929688,184.33999633789062,187.0399932861328,186.00262451171875,3299700
2021-06-23,186.47999572753906,187.47999572753906,185.99000549316406,186.10000610351562,185.06785583496094,2473300
2021-06-24,188.0500030517578,188.6999969482422,187.4499969482422,188.61000061035156,187.56393432617188,2876700
2021-06-25,188.0500030517578,190.25,187.35000610351562,188.1699981689453,187.12637329101562,4639100
2021-06-28,188.97000122070312,192.3800048828125,188.97000122070312,191.52999877929688,190.4677276611328,3228700
2021-06-29,191.52000427246094,193.00999450683594,190.92999267578125,192.8800048828125,191.8102569580078,2108700
2021-06-30,192.83999633789062,193.0,191.49000549316406,192.3000030517578,191.23345947265625,2687600
2021-07-01,192.02000427246094,192.47999572753906,190.05999755859375,190.83999633789062,189.78155517578125,3455900
2021-07-02,192.6300048828125,192.8000030517578,190.91000366210938,192.2100067138672,191.1439666748047,2389900
2021-07-06,192.5800018310547,192.77000427246094,189.5500030517578,191.1999969482422,190.13955688476562,2619600
2021-07-07,192.77000427246094,192.99000549316406,188.97999572753906,189.77999877929688,188.72743225097656,2749500
2021-07-08,187.55999755859375,189.3000030517578,185.3699951171875,188.24000549316406,187.19598388671875,3146900
2021-07-09,188.1699981689453,190.8699951171875,187.0,190.27000427246094,189.2147216796875,3109200
2021-07-12,190.5500030517578,192.02000427246094,190.08999633789062,191.9199981689453,190.85557556152344,4069500
2021-07-13,191.22999572753906,192.4600067138672,190.72000122070312,191.1999969482422,190.13955688476562,2695100
2021-07-14,193.0,194.08999633789062,190.72999572753906,191.27999877929688,190.2191162109375,3590200
2021-07-15,190.47000122070312,191.27999877929688,187.39999389648438,188.25999450683594,187.2158660888672,4259900
2021-07-16,189.27000427246094,190.24000549316406,185.72999572753906,186.1199951171875,185.08773803710938,4337500
2021-07-19,184.27999877929688,186.3300018310547,183.3699951171875,186.24000549316406,185.2070770263672,4181300
2021-07-20,187.05999755859375,189.17999267578125,185.75999450683594,187.77000427246094,186.7285919189453,4287300
2021-07-21,188.4499969482422,194.25,188.4499969482422,194.24000549316406,193.16270446777344,6352800
2021-07-22,185.74000549316406,187.66000366210938,183.52999877929688,183.91000366210938,182.88999938964844,12673900
2021-07-23,184.19000244140625,186.92999267578125,182.16000366210938,186.85000610351562,186.85000610351562,5983000
2021-07-26,185.36000061035156,188.99000549316406,185.30999755859375,188.25999450683594,188.25999450683594,4516600
2021-07-27,187.52000427246094,187.83999633789062,182.22999572753906,185.1300048828125,185.1300048828125,4649900
2021-07-28,186.32000732421875,187.5,185.02000427246094,186.85000610351562,186.85000610351562,2956700
2021-07-29,187.83999633789062,190.4600067138672,187.4600067138672,189.8300018310547,189.8300018310547,3081800
2021-07-30,188.5,190.9499969482422,188.3699951171875,190.6199951171875,190.6199951171875,2521600
2021-08-02,192.39999389648438,193.60000610351562,190.41000366210938,190.72000122070312,190.72000122070312,2922600
2021-08-03,190.92999267578125,191.4499969482422,187.44000244140625,189.33999633789062,189.33999633789062,3703400
2021-08-04,189.88999938964844,193.3699951171875,189.25,192.3800048828125,192.3800048828125,3793600
2021-08-05,193.8000030517578,193.89999389648438,191.58999633789062,193.16000366210938,193.16000366210938,2769500
2021-08-06,192.3699951171875,193.6300048828125,192.19000244140625,192.9600067138672,192.9600067138672,2414300
2021-08-09,193.27999877929688,193.52999877929688,190.3300018310547,190.4499969482422,190.4499969482422,2395900
2021-08-10,190.5399932861328,190.5399932861328,186.82000732421875,189.64999389648438,189.64999389648438,3497100
2021-08-11,191.1699981689453,191.1699981689453,188.0,189.5,189.5,2339300
2021-08-12,188.85000610351562,189.05999755859375,186.16000366210938,187.8699951171875,187.8699951171875,3949600
2021-08-13,187.5399932861328,188.77999877929688,187.0,188.6999969482422,188.6999969482422,1923100
2021-08-16,188.49000549316406,189.9600067138672,188.10000610351562,189.85000610351562,189.85000610351562,2506100
2021-08-17,188.5500030517578,188.74000549316406,185.10000610351562,186.32000732421875,186.32000732421875,3411800
2021-08-18,185.7100067138672,186.55999755859375,183.55999755859375,183.8000030517578,183.8000030517578,2862500
2021-08-19,182.75,185.97000122070312,181.9600067138672,185.0399932861328,185.0399932861328,3871700
2021-08-20,185.25999450683594,186.16000366210938,183.32000732421875,184.97000122070312,184.97000122070312,3854700
2021-08-23,185.8000030517578,188.63999938964844,185.57000732421875,187.85000610351562,187.85000610351562,3529000
2021-08-24,187.9199981689453,189.52999877929688,187.52999877929688,187.82000732421875,187.82000732421875,3268200
2021-08-25,188.3699951171875,189.1199951171875,187.3300018310547,188.08999633789062,188.08999633789062,3163600
2021-08-26,187.66000366210938,188.58999633789062,186.57000732421875,187.97000122070312,187.97000122070312,3643700
2021-08-27,188.39999389648438,190.8000030517578,188.05999755859375,190.52000427246094,190.52000427246094,2859800
2021-08-30,191.38999938964844,192.2899932861328,190.7100067138672,191.42999267578125,191.42999267578125,2356500
2021-08-31,192.10000610351562,192.6999969482422,189.11000061035156,190.91000366210938,190.91000366210938,4227500
2021-09-01,191.77999877929688,191.77999877929688,188.1699981689453,188.35000610351562,188.35000610351562,4536600
2021-09-02,189.2100067138672,189.4199981689453,188.0399932861328,189.41000366210938,189.41000366210938,2061400
2021-09-03,188.6699981689453,190.8300018310547,188.1999969482422,189.8800048828125,189.8800048828125,2103400
2021-09-07,189.3300018310547,190.10000610351562,188.47999572753906,189.4600067138672,189.4600067138672,2295900
2021-09-08,188.5,189.0399932861328,187.1199951171875,188.8000030517578,188.8000030517578,2021600
2021-09-09,189.66000366210938,190.6300048828125,188.25999450683594,188.47000122070312,188.47000122070312,1827900
2021-09-10,189.33999633789062,193.4499969482422,189.33999633789062,190.64999389648438,190.64999389648438,3330600
2021-09-13,192.9600067138672,194.1300048828125,191.24000549316406,193.97999572753906,193.97999572753906,3687200
2021-09-14,195.0,196.33999633789062,193.8000030517578,195.11000061035156,195.11000061035156,3239600
2021-09-15,196.1300048828125,197.58999633789062,194.8300018310547,197.5,197.5,3995900
2021-09-16,196.58999633789062,197.33999633789062,194.85000610351562,196.82000732421875,196.82000732421875,2661500
2021-09-17,197.30999755859375,197.30999755859375,194.61000061035156,196.25,196.25,5819300
2021-09-20,192.8800048828125,193.74000549316406,189.75999450683594,192.58999633789062,192.58999633789062,4614300
2021-09-21,193.9600067138672,194.49000549316406,190.83999633789062,192.9600067138672,192.9600067138672,3093400
2021-09-22,194.75,196.6999969482422,193.74000549316406,195.9199981689453,195.9199981689453,3526100
2021-09-23,196.3000030517578,199.10000610351562,195.7899932861328,198.6699981689453,198.6699981689453,2756900
2021-09-24,197.3699951171875,200.9199981689453,197.1199951171875,200.64999389648438,200.64999389648438,3191500
2021-09-27,198.22999572753906,200.4499969482422,197.6699981689453,200.3300018310547,200.3300018310547,3022300
2021-09-28,197.49000549316406,199.11000061035156,194.5500030517578,194.88999938964844,194.88999938964844,4274600
2021-09-29,194.52999877929688,195.82000732421875,192.11000061035156,193.07000732421875,193.07000732421875,3436800
2021-09-30,194.47999572753906,194.99000549316406,192.10000610351562,192.2100067138672,192.2100067138672,3270800
2021-10-01,193.42999267578125,194.3300018310547,190.17999267578125,193.7899932861328,193.7899932861328,2986100
2021-10-04,193.0399932861328,194.3800048828125,189.02999877929688,190.39999389648438,190.39999389648438,3934100
2021-10-05,192.22999572753906,195.22000122070312,190.67999267578125,193.8800048828125,193.8800048828125,3860200
2021-10-06,192.0500030517578,194.66000366210938,191.60000610351562,194.38999938964844,194.38999938964844,3103400
2021-10-07,195.80999755859375,197.75,195.02999877929688,195.30999755859375,195.30999755859375,2873200
2021-10-08,196.17999267578125,196.3699951171875,193.99000549316406,195.24000549316406,195.24000549316406,2574100
2021-10-11,194.88999938964844,196.22999572753906,193.30999755859375,193.3699951171875,193.3699951171875,2280200
2021-10-12,193.9199981689453,194.22999572753906,187.33999633789062,188.47999572753906,188.47999572753906,6225100
2021-10-13,189.16000366210938,189.3800048828125,186.52000427246094,187.10000610351562,187.10000610351562,3796500
2021-10-14,189.3699951171875,192.5800018310547,188.92999267578125,192.49000549316406,192.49000549316406,3412800
2021-10-15,192.86000061035156,194.8000030517578,192.63999938964844,194.4499969482422,194.4499969482422,2648900
2021-10-18,193.1699981689453,196.05999755859375,191.6199951171875,194.91000366210938,194.91000366210938,2804600
2021-10-19,194.61000061035156,198.5399932861328,193.83999633789062,198.22999572753906,198.22999572753906,2666100
2021-10-20,198.10000610351562,200.02000427246094,197.0500030517578,199.3800048828125,199.3800048828125,3043300
2021-10-21,199.64999389648438,201.5800018310547,199.0,201.2899932861328,201.2899932861328,3276300
2021-10-22,201.5500030517578,202.22000122070312,198.13999938964844,199.07000732421875,199.07000732421875,3649200
2021-10-25,200.0,202.25999450683594,199.05999755859375,200.1999969482422,200.1999969482422,4254900
2021-10-26,200.0800018310547,200.39999389648438,196.49000549316406,196.97999572753906,196.97999572753906,5837500
2021-10-27,185.63999938964844,188.52000427246094,183.5500030517578,187.10000610351562,187.10000610351562,10365500
2021-10-28,187.77000427246094,189.60000610351562,186.22999572753906,187.8699951171875,187.8699951171875,5123000
2021-10-29,186.38999938964844,188.36000061035156,186.22999572753906,187.47999572753906,187.47999572753906,4552200
2021-11-01,186.72999572753906,188.57000732421875,186.0800018310547,187.47000122070312,187.47000122070312,4203900
2021-11-02,186.14999389648438,189.3699951171875,186.11000061035156,189.33999633789062,189.33999633789062,4009600
2021-11-03,188.67999267578125,190.11000061035156,186.6699981689453,189.19000244140625,189.19000244140625,3666900
2021-11-04,189.5,191.22000122070312,188.4199981689453,191.11000061035156,191.11000061035156,4828000
2021-11-05,193.64999389648438,195.42999267578125,191.82000732421875,193.39999389648438,193.39999389648438,4510500
2021-11-08,194.0399932861328,195.3800048828125,191.72000122070312,192.36000061035156,192.36000061035156,5213900
2021-11-09,192.6300048828125,193.9499969482422,190.38999938964844,190.7899932861328,190.7899932861328,4314700
2021-11-10,189.63999938964844,190.97000122070312,186.47999572753906,187.02000427246094,187.02000427246094,4304600
2021-11-11,188.63999938964844,188.82000732421875,187.24000549316406,188.60000610351562,188.60000610351562,2554800
2021-11-12,188.91000366210938,191.83999633789062,187.30999755859375,190.0800018310547,190.0800018310547,3121700
2021-11-15,191.22000122070312,191.91000366210938,188.5,189.22999572753906,189.22999572753906,2985200
2021-11-16,189.10000610351562,190.25,188.16000366210938,188.52000427246094,188.52000427246094,3312000
2021-11-17,188.41000366210938,190.24000549316406,187.25,189.57000732421875,189.57000732421875,4167800
2021-11-18,190.57000732421875,194.16000366210938,190.13999938964844,193.47000122070312,193.47000122070312,4677300
2021-11-19,193.88999938964844,195.25,192.6199951171875,195.16000366210938,195.16000366210938,5129100
2021-11-22,195.6999969482422,196.91000366210938,192.22000122070312,192.5,192.5,4712300
2021-11-23,193.61000061035156,193.64999389648438,190.47000122070312,192.63999938964844,192.63999938964844,4881400
2021-11-24,192.86000061035156,193.6699981689453,190.10000610351562,193.60000610351562,193.60000610351562,6494000
2021-11-26,189.86000061035156,192.52000427246094,187.3699951171875,188.25999450683594,188.25999450683594,3324900
2021-11-29,191.07000732421875,194.72999572753906,189.80999755859375,194.3800048828125,194.3800048828125,4576200
2021-11-30,193.30999755859375,194.6999969482422,191.0,192.3699951171875,192.3699951171875,8775600
2021-12-01,195.72999572753906,199.89999389648438,191.6300048828125,191.75999450683594,191.75999450683594,7279100
2021-12-02,190.4600067138672,194.91000366210938,190.0,193.5800018310547,193.5800018310547,4236700
2021-12-03,194.6300048828125,196.02999877929688,191.67999267578125,193.3800048828125,193.3800048828125,4901000
